par-text-frame-format
point-type index frequency amplitude
partials-count 40
frame-count 69
frame-data
0.000000 23 22 115.170067 0.022317 21 206.898865 0.255196 20 268.091858 0.113544 19 322.224548 0.145372 18 392.703644 0.176797 17 435.189911 0.087565 16 520.889343 0.104857 15 582.369629 0.023445 14 660.786804 0.017342 13 783.937988 0.047244 12 875.749634 0.018372 11 976.501404 0.009506 10 1040.589844 0.013785 9 1101.003662 0.004194 8 1175.694580 0.011874 7 1206.300293 0.007776 6 1304.171631 0.007133 5 1372.264893 0.001923 4 1437.211182 0.001916 3 1569.741943 0.001721 2 1755.781250 0.002539 1 1892.746094 0.001513 0 1967.699585 0.002439
0.010000 23 22 112.377617 0.028950 21 209.572433 0.346747 20 265.308868 0.165013 19 324.556030 0.230326 18 391.438416 0.272856 17 437.696381 0.113541 16 519.654480 0.159319 15 584.451477 0.028806 14 658.319641 0.026378 13 783.797974 0.071757 12 875.578003 0.026504 11 976.681885 0.014073 10 1040.600464 0.021610 9 1100.763306 0.005379 8 1174.986206 0.017090 7 1209.786499 0.009681 6 1303.310669 0.009585 5 1373.894531 0.002421 4 1437.264282 0.002530 3 1569.466064 0.002957 2 1755.167603 0.003877 1 1894.079468 0.002239 0 1967.322144 0.003830
0.020000 24 22 110.834656 0.032593 21 214.531708 0.383691 20 262.946106 0.203851 19 325.867462 0.296683 18 390.827209 0.346028 17 438.568451 0.129870 16 518.821167 0.197588 15 585.386414 0.030730 14 656.937500 0.032922 13 783.146667 0.092175 12 875.347351 0.032342 11 976.583374 0.017460 10 1040.754517 0.027910 9 1100.048218 0.006005 8 1174.831299 0.020589 7 1211.000854 0.010588 6 1302.246460 0.010596 5 1374.375122 0.002591 4 1437.411499 0.002762 3 1568.653931 0.004281 2 1755.079102 0.004897 1 1894.620972 0.002742 0 1967.236450 0.004919 23 2375.263672 0.001986
0.030000 27 22 110.059151 0.033602 26 163.447449 0.011610 25 194.649612 0.309466 21 218.013000 0.391819 20 261.154144 0.228150 19 326.496216 0.336119 18 390.595428 0.390075 17 438.585144 0.140538 16 518.414001 0.217922 24 544.563477 0.059481 15 585.797180 0.030364 14 656.183044 0.036424 13 782.140076 0.107366 12 875.170776 0.035757 11 976.542175 0.019829 10 1040.947998 0.032187 9 1099.165039 0.006256 8 1174.965576 0.022356 7 1211.002441 0.010802 6 1301.434326 0.010612 5 1374.126953 0.002501 4 1437.822144 0.002720 3 1567.707275 0.005520 2 1755.334106 0.005442 1 1894.721191 0.002995 0 1967.434692 0.005561 23 2375.371582 0.002276
0.040000 29 22 109.611107 0.032815 26 157.637512 0.004029 25 193.529877 0.296517 21 218.707977 0.388383 20 259.963348 0.237414 28 291.107574 0.007885 19 326.720886 0.348743 18 390.540833 0.406720 17 438.281189 0.149079 16 518.374573 0.222726 24 546.641846 0.053283 15 586.026001 0.028904 14 655.766785 0.037209 13 781.029053 0.116485 12 875.110046 0.037131 11 976.775330 0.021578 10 1041.117554 0.034527 9 1098.317749 0.006274 8 1175.176392 0.022721 7 1210.597412 0.010594 6 1301.139160 0.010239 5 1373.680298 0.002248 4 1438.400757 0.002570 3 1567.083618 0.006486 27 1662.171875 0.002399 2 1755.712280 0.005438 1 1894.653198 0.003029 0 1967.907593 0.005745 23 2375.377441 0.002415
0.050000 29 22 109.093773 0.031546 26 150.338943 0.002097 25 194.781876 0.300972 21 217.740173 0.382129 20 259.284332 0.232558 28 295.285828 0.003200 19 326.761566 0.343030 18 390.533173 0.405578 17 437.948273 0.158569 16 518.562256 0.218506 24 546.185913 0.052464 15 586.137573 0.027586 14 655.566162 0.036466 13 780.159180 0.118973 12 875.175293 0.037359 11 977.381042 0.023331 10 1041.240356 0.035596 9 1097.608643 0.006166 8 1175.302124 0.022353 7 1210.339478 0.010199 6 1301.437134 0.010239 5 1373.673096 0.001959 4 1438.788940 0.002534 3 1567.292969 0.006977 27 1662.056641 0.002371 2 1755.953857 0.004894 1 1894.613525 0.002933 0 1968.642822 0.005597 23 2375.283447 0.002451
0.060000 29 22 108.387039 0.031231 26 141.871353 0.001771 25 198.767120 0.319034 21 216.188431 0.370542 20 258.857697 0.217697 28 292.512268 0.005401 19 326.798676 0.331807 18 390.470215 0.400157 17 437.826721 0.170222 16 518.632019 0.211819 24 545.729980 0.051646 15 586.254578 0.026740 14 655.506409 0.035785 13 780.861633 0.110185 12 875.173218 0.037457 11 978.165344 0.025308 10 1041.294556 0.036335 9 1097.416992 0.005965 8 1175.316040 0.022175 7 1210.601440 0.009811 6 1302.358032 0.011201 5 1374.606812 0.001711 4 1437.721436 0.002734 3 1568.552612 0.006919 27 1662.105347 0.002310 2 1755.473511 0.003831 1 1894.801880 0.002816 0 1969.162720 0.005446 23 2374.935791 0.002434
0.070000 30 22 108.110214 0.031141 26 139.253250 0.001304 25 196.497742 0.305938 21 217.324570 0.338663 20 258.347504 0.199565 28 289.738739 0.007601 19 326.870117 0.320441 18 390.393646 0.394547 17 437.818634 0.181165 16 518.678528 0.205589 24 546.273804 0.050714 15 586.067749 0.025811 14 655.394470 0.035312 13 782.273010 0.099483 12 875.005188 0.037740 11 978.638855 0.026837 10 1041.304321 0.037083 9 1097.290649 0.005729 8 1175.323120 0.022338 7 1210.719482 0.009437 6 1303.239990 0.012617 5 1374.995972 0.001472 4 1436.194214 0.002976 3 1569.400391 0.006843 27 1662.236938 0.002250 2 1751.458618 0.002694 29 1835.201782 0.002238 1 1895.023193 0.002721 0 1969.157593 0.005449 23 2374.539795 0.002357
0.080000 30 22 108.259705 0.030899 26 138.470779 0.000959 25 194.058411 0.289197 21 218.426331 0.306728 20 258.105255 0.180995 28 286.965179 0.009802 19 326.923889 0.309418 18 390.358093 0.388546 17 437.827637 0.191160 16 518.825623 0.200239 24 546.500305 0.049776 15 585.841919 0.024794 14 655.209045 0.034847 13 783.281494 0.091998 12 874.789612 0.038206 11 978.773804 0.027725 10 1041.265381 0.037802 9 1097.210327 0.005472 8 1175.267944 0.022748 7 1210.645142 0.009133 6 1304.170288 0.014434 5 1374.919800 0.001247 4 1435.530151 0.003098 3 1569.587646 0.006833 27 1662.367188 0.002192 2 1747.627563 0.002019 29 1835.057373 0.002385 1 1895.204590 0.002652 0 1968.745605 0.005590 23 2374.458984 0.002196
0.090000 30 22 108.704803 0.030334 26 140.247635 0.000901 25 194.118073 0.283127 21 217.997513 0.285841 20 258.226440 0.164415 28 284.896027 0.009118 19 326.920258 0.299228 18 390.369537 0.382056 17 437.818756 0.199654 16 519.024414 0.195789 24 546.090088 0.048868 15 585.646362 0.023669 14 654.979919 0.034254 13 783.268738 0.090461 12 874.653809 0.038763 11 978.613770 0.027964 10 1041.193115 0.038441 9 1097.128540 0.005234 8 1175.104980 0.023232 7 1210.485352 0.008869 6 1305.136963 0.016572 5 1375.054199 0.001054 4 1436.272827 0.003047 3 1569.252075 0.006886 27 1662.441650 0.002136 2 1746.445679 0.002023 29 1834.919434 0.002566 1 1895.316528 0.002609 0 1968.168823 0.005804 23 2374.872314 0.001950
0.100000 29 22 109.189171 0.029477 26 149.773087 0.001196 25 196.049362 0.289284 21 215.745911 0.278196 20 258.561615 0.151849 19 326.831635 0.290362 18 390.386963 0.375083 17 437.815521 0.205801 16 519.060913 0.191875 24 545.685303 0.047958 15 585.365295 0.022403 14 654.786438 0.033455 13 782.098389 0.095265 12 874.734009 0.039238 11 978.273010 0.027733 10 1041.121582 0.038941 9 1096.972168 0.005070 8 1174.799683 0.023541 7 1210.497803 0.008537 6 1306.029663 0.018923 5 1376.650513 0.000920 4 1438.200928 0.002877 3 1568.906372 0.006911 27 1662.434692 0.002089 2 1749.160156 0.002625 29 1834.937134 0.002771 1 1895.370972 0.002587 0 1967.789673 0.005983 23 2375.777588 0.001647
0.110000 29 22 109.075050 0.028477 26 155.940292 0.001233 25 195.521484 0.284537 21 217.090729 0.256346 20 259.423309 0.141394 19 326.704681 0.282036 18 390.366455 0.368074 17 437.775299 0.209051 16 519.011780 0.188868 24 546.478455 0.046570 15 585.441162 0.020858 14 654.725281 0.032403 13 780.991821 0.102179 12 875.178162 0.039219 11 977.974854 0.027375 10 1041.078735 0.039127 9 1097.056274 0.005051 8 1174.493408 0.023339 7 1210.758545 0.008228 6 1306.255981 0.020727 5 1380.992065 0.000931 4 1438.332275 0.002913 3 1569.386230 0.006757 27 1662.369995 0.002055 2 1753.889282 0.004186 29 1835.205078 0.002981 1 1895.403198 0.002580 0 1967.989258 0.005926 23 2376.455566 0.001361
0.120000 29 22 108.448624 0.027666 26 161.279099 0.001994 25 194.502655 0.274685 21 218.585251 0.236444 20 260.148346 0.128655 19 326.666718 0.272755 18 390.423401 0.362523 17 437.623169 0.211075 16 519.095642 0.186495 24 546.075623 0.045957 15 585.419312 0.019190 14 654.634460 0.031103 13 781.044678 0.104179 12 875.699524 0.039033 11 977.888245 0.027162 10 1041.020142 0.039035 9 1097.375854 0.005075 8 1174.375122 0.022759 7 1210.883545 0.008081 6 1306.133057 0.021741 5 1384.124756 0.000965 4 1436.976929 0.003256 3 1569.628540 0.006639 27 1662.354370 0.002015 2 1755.007202 0.005621 29 1835.395264 0.003186 1 1895.354614 0.002576 0 1968.487549 0.005737 23 2377.350830 0.001111
0.130000 29 22 107.867134 0.027260 26 162.309158 0.002559 25 194.359421 0.269629 21 218.566360 0.223673 20 260.452454 0.114324 19 326.698273 0.262657 18 390.524384 0.358027 17 437.550262 0.210908 16 519.071472 0.183800 24 545.284912 0.045596 15 585.586426 0.017458 14 654.522339 0.029624 13 781.662231 0.103090 12 876.052368 0.039088 11 978.004700 0.027134 10 1040.943726 0.038688 9 1097.784790 0.005107 8 1174.474243 0.021905 7 1210.849121 0.008045 6 1305.911011 0.022050 5 1385.581299 0.000959 4 1435.036377 0.003830 3 1569.379639 0.006580 27 1662.424072 0.001961 2 1755.120117 0.006791 29 1835.405762 0.003375 1 1895.191772 0.002573 0 1968.975464 0.005535 23 2378.570068 0.000917
0.140000 29 22 107.688057 0.027373 26 157.689606 0.002651 25 195.005295 0.215071 21 213.131134 0.230123 20 260.040527 0.100304 19 326.767334 0.252188 18 390.620575 0.354105 17 437.577057 0.208533 16 518.891113 0.180365 24 545.097839 0.044760 15 585.921997 0.015734 14 654.420654 0.028057 13 782.290588 0.101348 12 876.084290 0.039740 11 978.272888 0.027253 10 1040.862183 0.038094 9 1098.086426 0.005113 8 1174.761353 0.020917 7 1210.697632 0.008087 6 1305.708618 0.021735 5 1385.593018 0.000903 4 1433.567261 0.004421 3 1568.788330 0.006513 27 1662.538574 0.001896 2 1755.427734 0.007617 29 1835.246948 0.003533 1 1894.931763 0.002574 0 1969.202881 0.005414 23 2379.649902 0.000797
0.150000 28 22 108.078842 0.028022 26 148.193085 0.002590 21 196.507935 0.273523 20 258.618225 0.089664 19 326.829742 0.242094 18 390.648315 0.350188 17 437.565216 0.204826 16 518.687622 0.176289 24 546.648743 0.042564 15 586.121216 0.014111 14 654.382263 0.026512 13 782.410156 0.101982 12 875.733826 0.041289 11 978.599304 0.027399 10 1040.802368 0.037242 9 1098.039429 0.005055 8 1175.149658 0.019969 7 1210.534058 0.008185 6 1305.521118 0.020878 5 1385.052490 0.000843 4 1433.769531 0.004683 3 1568.387085 0.006285 27 1662.584717 0.001831 2 1755.825562 0.008076 29 1835.035400 0.003649 1 1894.640381 0.002587 0 1968.975952 0.005450 23 2379.594971 0.000760
0.160000 28 22 108.581749 0.029039 26 147.149551 0.002100 21 194.718719 0.259160 20 257.116425 0.088267 19 326.864899 0.234041 18 390.578705 0.345048 17 437.533966 0.199484 16 518.695679 0.172385 24 546.125061 0.042486 15 586.432251 0.012791 14 654.363342 0.025010 13 781.819946 0.106798 12 875.371277 0.043791 11 978.786011 0.027073 10 1040.785522 0.035976 9 1097.892456 0.004859 8 1175.449219 0.019245 7 1210.325562 0.008139 6 1304.908081 0.019422 5 1384.098022 0.000857 4 1435.610352 0.004491 3 1569.337769 0.005664 27 1662.376831 0.001774 2 1755.817993 0.008009 29 1834.976685 0.003694 1 1894.485962 0.002634 0 1968.381470 0.005642 23 2378.024170 0.000821
0.170000 29 22 108.882401 0.029882 26 144.119614 0.001558 21 194.039597 0.253489 30 218.202377 0.168473 20 256.570618 0.090719 19 326.842987 0.228069 18 390.586487 0.340388 17 437.556427 0.193103 16 518.565063 0.168481 24 545.601440 0.042408 15 586.417297 0.011677 14 654.260986 0.023400 13 781.237854 0.112084 12 875.348206 0.046317 11 978.748657 0.026011 10 1040.772827 0.034413 9 1097.806519 0.004612 8 1175.597900 0.018874 7 1210.166748 0.008172 6 1304.123657 0.018041 5 1382.109863 0.000929 4 1436.799072 0.004453 3 1570.218018 0.005051 27 1662.196289 0.001707 2 1755.709717 0.007606 29 1835.006592 0.003705 1 1894.440552 0.002703 0 1967.992188 0.005778 23 2377.066162 0.000910
0.180000 29 22 108.979660 0.030368 26 144.177780 0.001148 21 194.503693 0.257655 30 218.193466 0.157645 20 256.837372 0.094361 19 326.752045 0.223302 18 390.669067 0.337278 17 437.583435 0.186025 16 518.414673 0.164598 24 545.801514 0.042029 15 586.592773 0.010769 14 654.107849 0.021634 13 780.953674 0.115501 12 875.494873 0.048631 11 978.395203 0.024231 10 1040.757935 0.032589 9 1097.745605 0.004371 8 1175.581543 0.018873 7 1210.114136 0.008223 6 1303.708496 0.017150 5 1379.868896 0.001047 4 1436.832275 0.004725 3 1570.553467 0.004556 27 1662.215576 0.001620 2 1755.716309 0.006892 29 1835.071533 0.003699 1 1894.413330 0.002779 0 1967.953857 0.005779 23 2376.645752 0.000998
0.190000 30 22 108.911385 0.030418 26 147.844025 0.000882 21 195.389206 0.267112 30 217.988113 0.147747 20 257.571472 0.097823 19 326.615112 0.218607 31 363.593109 0.005799 18 390.762054 0.336180 17 437.636749 0.178214 16 518.342468 0.160705 24 546.386353 0.041531 15 587.031921 0.009998 14 653.966858 0.019714 13 781.087280 0.115995 12 875.625977 0.050630 11 977.697998 0.021959 10 1040.746460 0.030529 9 1097.641235 0.004162 8 1175.395020 0.019252 7 1210.192749 0.008295 6 1304.004761 0.016971 5 1377.952026 0.001193 4 1435.677246 0.005353 3 1570.311035 0.004197 27 1662.425415 0.001514 2 1755.861816 0.005864 29 1835.144287 0.003681 1 1894.337158 0.002849 0 1968.261963 0.005642 23 2376.452393 0.001074
0.200000 30 22 108.753067 0.030051 26 151.410568 0.000621 21 195.291260 0.272063 30 217.803925 0.137817 20 258.237183 0.100885 19 326.488281 0.212596 31 362.646362 0.008087 18 390.745239 0.336999 17 437.800690 0.169311 16 518.424988 0.156719 24 546.063721 0.041537 15 587.408569 0.009233 14 653.927612 0.017687 13 781.597656 0.113728 12 875.541077 0.052337 11 976.697510 0.019626 10 1040.755249 0.028250 9 1097.397949 0.003982 8 1175.043335 0.020017 7 1210.395996 0.008452 6 1305.166382 0.017538 5 1376.747437 0.001343 4 1433.755859 0.006273 3 1569.869507 0.003915 27 1662.646973 0.001396 2 1756.001099 0.004500 29 1835.221191 0.003651 1 1894.166992 0.002903 0 1968.768799 0.005429 23 2375.961426 0.001143
0.210000 30 22 108.561821 0.029546 26 144.084106 0.000846 21 194.767532 0.268354 30 219.931686 0.124473 20 258.684143 0.104044 19 326.499298 0.204333 31 359.536346 0.008450 18 390.666382 0.340311 17 437.944183 0.160230 16 518.360901 0.151989 24 545.741089 0.041543 15 587.832703 0.008592 14 653.932312 0.015581 13 781.987427 0.112415 12 875.245911 0.053773 11 976.060547 0.018532 10 1040.827026 0.025762 9 1097.197632 0.003815 8 1174.631714 0.021056 7 1210.468872 0.008594 6 1306.683472 0.018135 5 1375.690796 0.001442 4 1433.158325 0.006808 3 1570.255859 0.003583 27 1662.438843 0.001277 2 1756.487915 0.002866 29 1835.368286 0.003573 1 1894.015259 0.002938 0 1969.042236 0.005326 23 2375.625732 0.001211
0.220000 31 22 108.400154 0.029257 26 139.663223 0.001020 21 195.135773 0.266660 30 219.886124 0.118144 20 258.815063 0.107888 19 326.582672 0.196204 31 359.954865 0.008530 18 390.607941 0.344439 17 438.189117 0.150139 16 518.293152 0.147000 24 546.225830 0.041068 15 587.547302 0.008050 14 653.926086 0.013532 32 743.233704 0.003711 13 781.868408 0.114439 12 875.009033 0.054927 11 976.196716 0.018928 10 1040.919312 0.023224 9 1097.118774 0.003690 8 1174.277344 0.022007 7 1210.427124 0.008773 6 1307.657959 0.017391 5 1374.375122 0.001497 4 1433.962646 0.006724 3 1570.391357 0.003261 27 1662.156494 0.001159 2 1760.444214 0.001730 29 1835.553589 0.003450 1 1893.932861 0.002973 0 1968.935913 0.005357 23 2375.707764 0.001270
0.230000 31 22 108.408730 0.029191 26 146.951279 0.001527 21 195.657394 0.263041 30 219.152908 0.114034 20 258.690979 0.111534 19 326.677124 0.189105 31 360.405365 0.008044 18 390.542114 0.349020 17 438.415833 0.139879 16 518.287720 0.141894 24 544.964478 0.041020 15 587.223999 0.007764 14 653.855530 0.011645 32 733.634338 0.001044 13 781.325317 0.118997 12 874.872986 0.055760 11 977.033447 0.020721 10 1040.989136 0.020694 9 1097.181885 0.003619 8 1174.051147 0.022692 7 1210.317505 0.009016 6 1307.450928 0.014978 5 1373.337280 0.001537 4 1435.390503 0.006379 3 1570.130005 0.002939 27 1662.107788 0.001042 2 1763.213989 0.001342 29 1835.694824 0.003290 1 1893.867920 0.003017 0 1968.594360 0.005455 23 2375.911133 0.001326
0.240000 31 22 108.649765 0.029250 26 161.490952 0.002340 21 195.594925 0.254308 30 218.419678 0.109924 20 258.335663 0.114294 19 326.755005 0.183328 31 359.814667 0.007103 18 390.451965 0.353543 17 438.553162 0.130278 16 518.301575 0.136643 24 543.304260 0.041237 15 586.931641 0.007686 14 653.726562 0.009994 32 732.822327 0.001157 13 780.624878 0.124083 12 874.827148 0.056283 11 978.297974 0.023586 10 1041.011353 0.018203 9 1097.354492 0.003597 8 1173.989624 0.022970 7 1210.164795 0.009314 6 1305.349365 0.011469 5 1372.870972 0.001582 4 1436.591187 0.006104 3 1570.027588 0.002583 27 1662.366455 0.000930 2 1762.873901 0.001687 29 1835.734741 0.003104 1 1893.792236 0.003074 0 1968.232300 0.005543 23 2375.991455 0.001388
0.250000 31 22 109.108879 0.029242 26 166.976379 0.003043 21 194.236374 0.238149 30 217.704681 0.105746 20 257.749023 0.115651 19 326.818268 0.178622 31 359.223969 0.006162 18 390.331146 0.357351 17 438.575409 0.122148 16 518.198120 0.131074 24 545.935608 0.040628 15 586.223083 0.007589 14 653.600403 0.008633 32 734.064514 0.001179 13 780.206238 0.126559 12 874.811768 0.056549 11 979.527954 0.026966 10 1040.977539 0.015760 9 1097.553833 0.003608 8 1174.097290 0.022740 7 1209.976196 0.009629 6 1300.671021 0.008266 5 1373.047607 0.001649 4 1436.640259 0.006208 3 1571.241699 0.002144 27 1662.792603 0.000828 2 1759.949951 0.002491 29 1835.640381 0.002908 1 1893.698242 0.003139 0 1968.130615 0.005530 23 2375.750732 0.001465
0.260000 31 22 109.298065 0.028808 26 150.809875 0.001885 21 193.678772 0.230143 30 218.579819 0.095647 20 257.363708 0.115836 19 326.898163 0.174699 31 358.633301 0.005221 18 390.249146 0.359423 17 438.720581 0.115369 16 518.145325 0.125649 24 546.421692 0.039833 15 585.847412 0.007252 14 653.735596 0.007655 32 730.252014 0.000986 13 780.816101 0.121560 12 874.671265 0.056542 11 980.201843 0.029384 10 1040.943726 0.013367 9 1097.645264 0.003621 8 1174.368774 0.021972 7 1209.815430 0.010000 6 1299.910645 0.007668 5 1373.435669 0.001717 4 1435.103271 0.006856 3 1572.687988 0.001830 27 1662.849854 0.000733 2 1758.291138 0.003052 29 1835.543579 0.002722 1 1893.617065 0.003194 0 1968.519531 0.005361 23 2375.392334 0.001555
0.270000 31 22 109.095589 0.028164 26 143.663635 0.001512 21 193.932449 0.229312 30 218.949631 0.089121 20 257.327026 0.116147 19 326.956146 0.171435 31 357.037292 0.004846 18 390.263428 0.360536 17 438.668610 0.109382 16 518.211426 0.120769 24 545.783264 0.039484 15 585.299011 0.006777 14 653.807129 0.006955 32 748.246704 0.010961 13 781.710327 0.115387 12 874.427917 0.056356 11 980.539795 0.030178 10 1040.932129 0.011052 9 1097.522949 0.003581 8 1174.688232 0.020918 7 1209.697021 0.010270 6 1302.010376 0.008728 5 1373.124146 0.001722 4 1433.713989 0.007512 3 1572.319092 0.001716 27 1662.583008 0.000637 2 1757.173096 0.003177 29 1835.552246 0.002546 1 1893.569092 0.003232 0 1968.883423 0.005208 23 2375.318848 0.001618
0.280000 31 22 108.702141 0.027649 26 139.336273 0.001385 21 194.235733 0.231259 30 219.161545 0.083712 20 257.601807 0.116520 19 326.958313 0.168653 31 356.539032 0.004709 18 390.287079 0.360685 17 438.679810 0.103602 16 518.245728 0.116361 24 545.774719 0.039025 15 585.284729 0.006274 14 653.851562 0.006493 32 759.688904 0.017117 13 782.239502 0.111742 12 874.177673 0.055973 11 980.575623 0.029206 10 1040.848999 0.008846 9 1097.280273 0.003471 8 1175.024536 0.019767 7 1209.661743 0.010489 6 1304.534424 0.010912 5 1372.645142 0.001690 4 1433.278809 0.007757 3 1570.368408 0.001770 27 1662.353271 0.000542 2 1757.214478 0.002978 29 1835.606201 0.002385 1 1893.588379 0.003252 0 1968.996338 0.005141 23 2375.485352 0.001645
0.290000 31 22 108.303741 0.027499 26 140.758530 0.001275 21 194.344254 0.233813 30 219.475967 0.079131 20 258.041077 0.116642 19 326.902435 0.166081 31 357.383911 0.004630 18 390.265686 0.359870 17 438.844727 0.098052 16 518.247498 0.112435 24 546.420654 0.038319 15 585.500244 0.005815 14 653.959290 0.006220 32 757.074951 0.015618 13 782.055054 0.112404 12 873.997070 0.055299 11 980.234985 0.026499 10 1040.449829 0.006764 9 1097.011108 0.003302 8 1175.340088 0.018650 7 1209.715210 0.010634 6 1306.102417 0.013403 5 1372.360962 0.001648 4 1434.019653 0.007478 3 1568.443848 0.001877 27 1662.488159 0.000452 2 1759.053589 0.002646 29 1835.645752 0.002250 1 1893.679688 0.003252 0 1968.779419 0.005178 23 2375.749756 0.001639
0.300000 31 22 108.077751 0.027851 26 158.010544 0.001213 21 194.461472 0.236690 30 220.060211 0.076875 20 258.396973 0.115978 19 326.815338 0.163359 31 358.221619 0.004549 18 390.173859 0.358121 17 439.105652 0.093274 16 518.344360 0.109055 24 546.254883 0.037580 15 584.796570 0.005443 14 654.262573 0.006080 32 750.707642 0.011321 13 781.082153 0.117398 12 873.946228 0.054175 11 979.344238 0.022291 10 1039.338379 0.004817 9 1096.816162 0.003112 8 1175.590332 0.017652 7 1209.831299 0.010617 6 1306.245605 0.015123 5 1372.482788 0.001630 4 1435.624023 0.006827 3 1569.298218 0.001849 27 1663.302612 0.000370 2 1763.256104 0.002446 29 1835.613159 0.002160 1 1893.820923 0.003229 0 1968.290161 0.005291 23 2375.883545 0.001615
0.310000 31 22 108.101685 0.028552 26 155.027893 0.001082 21 195.363831 0.243445 30 219.384491 0.075002 20 258.434174 0.113239 19 326.792969 0.160713 31 358.538269 0.004296 18 390.130951 0.355471 17 439.203644 0.089890 16 518.589783 0.106075 24 543.921753 0.036652 15 584.423889 0.004998 14 654.460632 0.006024 32 744.340332 0.007024 13 780.170410 0.121230 12 874.028015 0.052018 11 976.961914 0.017771 10 1035.619019 0.003421 9 1097.058838 0.002957 8 1175.654297 0.017090 7 1209.983154 0.010509 6 1306.576660 0.015741 5 1372.385498 0.001649 4 1436.381226 0.006512 3 1570.292847 0.001684 27 1666.021851 0.000304 2 1765.006958 0.002594 29 1835.615967 0.002147 1 1893.905396 0.003159 0 1968.005737 0.005335 23 2375.818604 0.001599
0.320000 31 22 108.253075 0.029073 26 149.025269 0.001186 21 195.825058 0.245223 30 218.708755 0.073129 20 258.244232 0.109096 19 326.821259 0.159047 31 358.854919 0.004042 18 390.161255 0.352161 17 439.423889 0.087257 16 518.593750 0.102904 24 545.278503 0.034751 15 584.002014 0.004563 14 654.635437 0.006046 32 737.973083 0.002727 13 780.364258 0.117635 12 874.133362 0.048962 11 975.004456 0.015115 10 1033.582031 0.002800 9 1097.393433 0.002820 8 1175.611084 0.016973 7 1210.057983 0.010427 6 1307.116089 0.015461 5 1372.274902 0.001676 4 1435.900146 0.006667 3 1570.078247 0.001476 27 1668.298950 0.000259 2 1762.400146 0.002709 29 1835.679443 0.002168 1 1893.950928 0.003054 0 1968.174316 0.005252 23 2375.838379 0.001589
0.330000 31 22 108.466209 0.029249 26 147.087555 0.001414 21 195.458511 0.239556 30 218.033020 0.071256 20 258.029114 0.104060 19 326.819763 0.158600 31 359.171570 0.003788 18 390.224609 0.348020 17 439.398499 0.085831 16 518.591553 0.099742 24 546.359741 0.032815 15 584.059998 0.004040 14 654.760315 0.006193 32 734.437317 0.000742 13 781.371155 0.109775 12 874.165100 0.045236 11 974.497437 0.014536 10 1033.763062 0.002882 9 1097.659180 0.002691 8 1175.433594 0.017204 7 1210.017822 0.010437 6 1307.651001 0.014169 5 1372.140137 0.001701 4 1434.682251 0.007140 3 1562.502441 0.001334 27 1669.380859 0.000231 2 1758.657349 0.003153 29 1835.698364 0.002199 1 1893.968140 0.002933 0 1968.622070 0.005106 23 2375.924072 0.001582
0.340000 31 22 108.681931 0.029029 26 151.270950 0.001668 21 194.633774 0.229054 30 217.930603 0.068942 20 257.915497 0.098950 19 326.733490 0.159248 31 359.150330 0.003655 18 390.278656 0.342963 17 439.059662 0.085833 16 518.687866 0.096728 24 546.200867 0.031111 15 584.052917 0.003462 14 654.835205 0.006497 32 733.570923 0.000936 13 782.523132 0.101829 12 874.019348 0.041102 11 975.754639 0.016178 10 1035.961914 0.003631 9 1097.740356 0.002562 8 1175.118164 0.017655 7 1209.892212 0.010567 6 1307.829224 0.011855 5 1371.931396 0.001720 4 1433.462769 0.007640 3 1551.864868 0.001335 27 1669.211060 0.000220 2 1755.946289 0.003957 29 1835.590332 0.002226 1 1893.935913 0.002817 0 1969.091187 0.004968 23 2375.987061 0.001577
0.350000 32 22 108.844513 0.028472 26 159.284515 0.001857 21 194.359802 0.220655 30 219.390182 0.065490 20 257.964020 0.094885 19 326.531677 0.160519 31 358.193451 0.003854 18 390.279938 0.337017 17 438.596313 0.087260 16 518.874084 0.093936 24 546.299866 0.029363 15 582.578613 0.002964 14 654.877808 0.006973 32 732.730408 0.001133 13 782.819214 0.098920 12 873.585449 0.036868 11 978.438049 0.020073 10 1039.276733 0.005015 9 1097.560791 0.002432 8 1174.686401 0.018155 7 1209.767700 0.010810 6 1307.133057 0.008632 5 1371.570923 0.001734 4 1433.189087 0.007742 3 1551.014893 0.001524 27 1668.335327 0.000228 2 1755.558716 0.004864 29 1835.294800 0.002245 1 1893.809204 0.002727 0 1969.245972 0.004921 23 2375.882324 0.001574 33 8103.401855 0.000282
0.360000 32 22 108.895226 0.027721 26 162.621582 0.001847 21 194.953659 0.216452 30 219.259552 0.067197 20 257.901794 0.094132 19 326.371307 0.161093 31 357.236542 0.004054 18 390.300537 0.331322 17 438.360260 0.089862 16 518.776001 0.090951 24 546.398865 0.027614 15 581.432922 0.002624 14 654.567444 0.007499 32 733.491394 0.001435 13 781.498352 0.103928 12 872.646118 0.032880 11 980.192078 0.025290 10 1040.352051 0.006699 9 1097.190430 0.002309 8 1174.354004 0.018343 7 1209.664185 0.010968 6 1302.363281 0.005626 5 1371.268921 0.001759 4 1434.453003 0.007107 3 1551.643555 0.001598 27 1667.237427 0.000259 2 1755.850830 0.005468 29 1834.888428 0.002271 1 1893.644287 0.002673 0 1968.779541 0.005017 23 2375.643555 0.001570 33 8099.976074 0.000293
0.370000 32 22 108.890167 0.027155 26 161.153107 0.001732 21 194.881012 0.208962 30 219.128922 0.068905 20 257.740906 0.095171 19 326.388367 0.159956 31 357.013062 0.001585 18 390.339966 0.327027 17 438.142426 0.093018 16 518.829834 0.088107 24 546.098816 0.026225 15 580.638672 0.002530 14 654.112488 0.007982 32 733.437378 0.001603 13 780.000183 0.109371 12 871.385620 0.029163 11 981.063782 0.029557 10 1040.871460 0.008332 9 1096.775391 0.002213 8 1174.187744 0.018263 7 1209.585938 0.011103 6 1298.817383 0.003926 5 1371.417358 0.001825 4 1435.704834 0.006490 3 1550.578979 0.001505 27 1665.259521 0.000308 2 1755.573975 0.005615 29 1834.543579 0.002315 1 1893.625732 0.002617 0 1968.241455 0.005127 23 2375.641113 0.001553 33 8097.646484 0.000270
0.380000 31 22 108.801010 0.026945 26 155.897049 0.001407 21 194.425781 0.200462 30 218.998276 0.070612 20 257.638123 0.095969 19 326.520630 0.156953 18 390.334015 0.324204 17 438.099823 0.096321 16 518.977783 0.085500 24 546.052795 0.025046 15 580.289490 0.002600 14 653.744446 0.008434 32 733.135071 0.001729 13 779.634644 0.108279 12 870.141296 0.025892 11 981.492615 0.032358 10 1041.121826 0.009888 9 1096.421265 0.002143 8 1174.187378 0.017931 7 1209.466064 0.011160 6 1297.253906 0.003130 5 1372.177490 0.001940 4 1436.208496 0.006160 3 1548.482544 0.001384 27 1663.492188 0.000375 2 1755.015625 0.005350 29 1834.312988 0.002387 1 1893.737671 0.002541 0 1967.964355 0.005151 23 2375.865234 0.001527 33 8091.524414 0.000218
0.390000 31 22 108.637611 0.027100 26 152.117416 0.001029 21 194.121780 0.193976 30 218.441803 0.073684 20 257.689026 0.094728 19 326.697876 0.152381 18 390.277649 0.322819 17 438.189880 0.099901 16 519.091797 0.083044 24 546.357605 0.023959 15 580.147705 0.002770 14 653.547302 0.008847 32 739.210754 0.009690 13 780.781982 0.099824 12 869.259949 0.023273 11 981.723267 0.033340 10 1041.252563 0.011331 9 1096.260254 0.002088 8 1174.331421 0.017412 7 1209.327637 0.011126 6 1297.888428 0.002978 5 1373.328857 0.002074 4 1435.662598 0.006228 3 1546.966675 0.001334 27 1662.619263 0.000453 2 1754.349731 0.004741 29 1834.218872 0.002490 1 1893.913330 0.002440 0 1968.097778 0.005038 23 2376.197510 0.001493 33 8082.500977 0.000169
0.400000 31 22 108.446083 0.027476 26 158.298676 0.000970 21 194.693787 0.193048 30 216.752899 0.080452 20 257.935669 0.089826 19 326.840454 0.146957 18 390.215088 0.322693 17 438.208374 0.104299 16 518.994141 0.080505 24 546.648682 0.022883 15 579.741577 0.002986 14 653.483704 0.009193 32 762.296814 0.038530 13 783.001221 0.088430 12 869.101318 0.021543 11 981.854919 0.032307 10 1041.309814 0.012619 9 1096.442871 0.002033 8 1174.575439 0.016825 7 1209.268311 0.011027 6 1300.434448 0.003307 5 1374.310425 0.002165 4 1434.154297 0.006666 3 1548.640259 0.001437 27 1662.965088 0.000525 2 1753.635498 0.003893 29 1834.256104 0.002625 1 1894.041504 0.002319 0 1968.630371 0.004788 23 2376.425537 0.001457 33 8076.161133 0.000175
0.410000 31 22 108.444458 0.027581 26 163.313751 0.001526 21 195.432022 0.193349 30 216.863266 0.085186 20 258.201324 0.079964 19 326.902679 0.142236 18 390.227295 0.322303 17 438.187744 0.108585 16 519.087769 0.078041 24 546.193848 0.022321 15 581.095947 0.003142 14 653.446167 0.009419 32 761.120605 0.036936 13 783.345886 0.086260 12 870.087585 0.021415 11 981.899963 0.028676 10 1041.331177 0.013630 9 1096.909424 0.001991 8 1174.740356 0.016200 7 1209.438599 0.010746 6 1303.579590 0.004182 5 1373.807861 0.002034 4 1433.046875 0.006999 3 1565.560059 0.002379 27 1663.002197 0.000586 2 1751.258911 0.002982 29 1834.389282 0.002800 1 1894.068726 0.002206 0 1969.090332 0.004546 23 2376.422363 0.001420 33 8073.861328 0.000184
0.420000 31 22 108.532265 0.027281 26 161.465805 0.001964 21 194.750549 0.188496 30 216.973618 0.089920 20 258.756073 0.068467 19 326.925385 0.138726 18 390.274750 0.320071 17 438.028107 0.111993 16 519.240417 0.075464 24 546.270386 0.021472 15 582.565796 0.003127 14 653.486572 0.009546 32 760.848572 0.014070 13 781.895752 0.091804 12 871.385986 0.022697 11 981.887390 0.023365 10 1041.350830 0.014453 9 1097.110718 0.001953 8 1174.772461 0.015610 7 1209.683105 0.010400 6 1307.372925 0.005418 5 1372.292603 0.001797 4 1433.220093 0.006773 3 1570.189575 0.002742 27 1662.454956 0.000643 2 1748.907471 0.002373 29 1834.537964 0.002993 1 1894.016968 0.002110 0 1969.152588 0.004442 23 2376.500732 0.001391 33 8072.409668 0.000193
0.430000 30 22 108.558273 0.026775 26 156.019119 0.002043 21 194.090317 0.185645 30 217.569855 0.093264 20 259.628204 0.057473 19 326.962006 0.136249 18 390.313873 0.316103 17 437.741760 0.114532 16 519.258179 0.072590 24 546.506775 0.020538 15 583.876770 0.003050 14 653.653870 0.009600 13 779.935486 0.100003 12 872.510681 0.025033 11 979.796570 0.016942 10 1041.367065 0.015104 9 1097.153809 0.001900 8 1174.768311 0.015100 7 1209.887085 0.010070 6 1310.269043 0.006452 5 1370.729126 0.001573 4 1434.331787 0.006188 3 1570.889648 0.002937 27 1661.938965 0.000702 2 1747.756958 0.002085 29 1834.664917 0.003185 1 1893.888062 0.002018 0 1968.870483 0.004470 23 2376.633545 0.001382 33 8071.564941 0.000205
0.440000 31 22 108.490555 0.026272 26 150.033768 0.001807 21 194.293640 0.188868 30 218.387482 0.095179 20 260.739166 0.048668 19 327.041290 0.134565 18 390.330414 0.310848 17 437.472595 0.116020 16 519.180908 0.069565 24 546.624756 0.019567 15 585.141113 0.002969 14 653.933228 0.009629 13 778.921204 0.104154 12 873.220825 0.028035 11 975.791016 0.011171 34 988.210022 0.010876 10 1041.377808 0.015588 9 1097.159058 0.001834 8 1174.784790 0.014691 7 1209.973022 0.009795 6 1312.074585 0.006832 5 1369.775513 0.001436 4 1435.720947 0.005510 3 1570.931396 0.003176 27 1661.797852 0.000763 2 1748.351562 0.002104 29 1834.734497 0.003358 1 1893.734253 0.001922 0 1968.407349 0.004577 23 2376.714111 0.001402 33 8071.627441 0.000218
0.450000 31 22 108.393867 0.025995 26 146.586624 0.001540 21 195.694473 0.199523 30 218.587067 0.096715 20 261.899231 0.043349 19 327.170227 0.133343 18 390.335785 0.305087 17 437.461884 0.116170 16 519.231506 0.066798 24 546.429504 0.018498 15 586.717651 0.002904 14 654.251282 0.009705 13 780.411072 0.096481 12 873.474121 0.031251 11 971.889587 0.008764 34 992.845032 0.008470 10 1041.382568 0.015900 9 1097.255127 0.001771 8 1174.844971 0.014382 7 1209.896851 0.009589 6 1313.701538 0.006209 5 1369.854248 0.001421 4 1436.442261 0.005066 3 1569.775757 0.003517 27 1662.150635 0.000824 2 1750.679810 0.002383 29 1834.714355 0.003496 1 1893.654297 0.001813 0 1968.026367 0.004675 23 2376.570801 0.001454 33 8073.337402 0.000226
0.460000 31 22 108.412796 0.026131 26 150.521027 0.001778 21 196.330750 0.205358 30 218.786667 0.098251 20 262.107178 0.041017 19 327.246765 0.132071 18 390.459625 0.300349 17 437.421722 0.116140 16 519.394226 0.064719 24 546.586548 0.017448 15 586.061707 0.002794 14 654.306580 0.010019 13 782.820557 0.086922 12 873.462097 0.034045 11 973.857300 0.010074 34 990.716125 0.009749 10 1041.425537 0.016019 9 1097.153931 0.001736 8 1174.758789 0.014246 7 1209.801758 0.009559 6 1317.081299 0.004934 5 1371.089844 0.001545 4 1435.587036 0.005081 3 1568.814331 0.003843 27 1662.446045 0.000872 2 1753.080811 0.002868 29 1834.639526 0.003587 1 1893.895020 0.001700 0 1968.111694 0.004608 23 2376.121094 0.001521 33 8078.705566 0.000227
0.470000 31 22 108.469154 0.026373 26 155.692078 0.002316 21 195.523392 0.200608 30 218.986252 0.099788 20 261.618439 0.040556 19 327.220551 0.130921 18 390.593567 0.296247 17 437.480225 0.115277 16 519.341980 0.063044 24 546.743591 0.016399 15 585.846252 0.002755 14 654.341309 0.010635 13 783.275574 0.085752 12 873.457642 0.036132 11 979.057495 0.015149 34 990.228577 0.003845 10 1041.514526 0.016006 9 1096.900146 0.001685 8 1174.609497 0.014136 7 1209.649292 0.009515 6 1318.798340 0.004096 5 1372.252563 0.001725 4 1434.172729 0.005267 3 1569.402954 0.003986 27 1662.495117 0.000904 2 1755.020874 0.003347 29 1834.600708 0.003655 1 1894.344849 0.001598 0 1968.497681 0.004440 23 2375.685059 0.001564 33 8084.257324 0.000238
0.480000 30 22 108.568100 0.026495 26 161.230484 0.002943 21 194.958023 0.194376 30 219.155029 0.100793 20 260.983887 0.041731 19 327.118073 0.130453 18 390.674194 0.292801 17 437.573395 0.114198 16 519.290283 0.061969 24 546.342896 0.015396 15 585.530457 0.002794 14 654.365417 0.011502 13 781.769348 0.093154 12 873.521606 0.037435 11 982.091980 0.021173 10 1041.634766 0.015864 9 1096.526855 0.001627 8 1174.458008 0.013992 7 1209.468140 0.009464 6 1318.073730 0.003832 5 1373.195679 0.001903 4 1433.162231 0.005311 3 1569.993408 0.004113 27 1662.458496 0.000925 2 1756.276123 0.003719 29 1834.599487 0.003701 1 1894.812622 0.001511 0 1968.903564 0.004259 23 2375.387695 0.001575 33 8089.843750 0.000238
0.490000 31 22 108.688637 0.026359 26 163.419113 0.003214 21 195.333969 0.189992 30 218.692596 0.104958 20 260.530334 0.044826 19 326.971588 0.130958 35 360.516022 0.005761 18 390.688538 0.290020 17 437.614105 0.113466 16 519.308960 0.061507 24 545.819275 0.014424 15 585.054626 0.002877 14 654.379028 0.012586 13 779.197815 0.105656 12 873.675110 0.037923 11 982.250793 0.026440 10 1041.777344 0.015616 9 1096.218872 0.001580 8 1174.361816 0.013727 7 1209.311523 0.009376 6 1314.958862 0.004336 5 1373.774780 0.002039 4 1433.075195 0.005042 3 1569.782837 0.004323 27 1662.410645 0.000943 2 1756.950684 0.003922 29 1834.618408 0.003725 1 1895.137451 0.001438 0 1969.122681 0.004125 23 2375.269287 0.001555 33 8095.978516 0.000224
0.500000 31 22 108.785416 0.025908 26 156.647141 0.002536 21 196.512573 0.186140 30 216.617432 0.118883 20 260.412384 0.050474 19 326.819519 0.132478 35 360.893311 0.005418 18 390.663879 0.287872 17 437.502960 0.113593 16 519.351868 0.061505 24 546.335327 0.013420 15 584.717163 0.002940 14 654.376465 0.013851 13 777.251404 0.116386 12 873.904602 0.037627 11 982.389526 0.030034 10 1041.937378 0.015298 9 1096.270386 0.001567 8 1174.377563 0.013233 7 1209.252197 0.009198 6 1310.317139 0.005805 5 1373.856934 0.002101 4 1434.068726 0.004412 3 1568.569458 0.004655 27 1662.361572 0.000963 2 1757.418091 0.003931 29 1834.624268 0.003719 1 1895.179565 0.001375 0 1969.006592 0.004082 23 2375.300049 0.001511 33 8103.500488 0.000207
0.510000 31 22 108.699982 0.025299 26 149.875168 0.001857 21 194.711914 0.167984 30 214.542252 0.132807 20 260.366547 0.059043 19 326.666809 0.133861 35 361.270599 0.005075 18 390.650360 0.285687 17 437.463043 0.114179 16 519.127502 0.061332 24 546.851440 0.012417 15 584.320374 0.002927 14 654.406494 0.015294 13 779.043884 0.105608 12 874.081299 0.036531 11 982.572998 0.031106 10 1042.129272 0.014950 9 1096.420044 0.001571 8 1174.592163 0.012507 7 1209.357422 0.008949 6 1309.447754 0.007442 5 1373.553467 0.002081 4 1435.426636 0.003780 3 1568.001343 0.004852 27 1662.214355 0.000992 2 1757.964233 0.003699 29 1834.602783 0.003660 1 1894.884644 0.001313 0 1968.616089 0.004117 23 2375.390381 0.001449 33 8105.538574 0.000182
0.520000 31 22 108.555382 0.024786 26 150.612564 0.001799 21 193.207565 0.155278 30 215.906265 0.134088 20 260.144165 0.068554 19 326.560089 0.133985 35 361.647888 0.004732 18 390.645935 0.284102 17 437.411987 0.115906 16 519.061401 0.060932 24 546.450317 0.011697 15 584.983093 0.002906 14 654.394531 0.016780 13 781.651184 0.092783 12 874.126709 0.034982 11 982.813904 0.030155 10 1042.320190 0.014594 9 1096.666626 0.001563 8 1174.824097 0.011744 7 1209.520630 0.008608 6 1309.120117 0.008764 5 1373.280273 0.002038 4 1435.894775 0.003409 3 1568.732178 0.004781 27 1661.987671 0.001025 2 1758.185547 0.003286 29 1834.604126 0.003563 1 1894.510376 0.001252 0 1968.411133 0.004128 23 2375.461670 0.001370 33 8101.280273 0.000141
0.530000 31 22 108.445503 0.024314 26 153.746826 0.002031 21 193.168198 0.152775 30 216.469055 0.136381 20 259.803589 0.077454 19 326.541565 0.132897 35 360.341705 0.004041 18 390.595001 0.283330 17 437.425079 0.118006 16 519.096680 0.060351 24 546.327820 0.010932 15 585.504211 0.002970 14 654.341003 0.018315 13 783.016113 0.085826 12 874.093567 0.033069 11 983.204102 0.027412 10 1042.469604 0.014285 9 1096.983521 0.001571 8 1174.966797 0.011048 7 1209.676147 0.008180 6 1308.892090 0.009644 5 1373.140747 0.001989 4 1435.341309 0.003262 3 1569.469971 0.004642 27 1661.713135 0.001061 2 1758.334717 0.002808 29 1834.622314 0.003441 1 1894.177856 0.001200 0 1968.420410 0.004092 23 2375.541260 0.001276 33 8091.244141 0.000120
0.540000 31 22 108.430710 0.023830 26 157.123520 0.002268 21 194.693665 0.161216 30 216.050461 0.139150 20 259.389069 0.084664 19 326.618500 0.130797 35 357.505096 0.003036 18 390.492798 0.283367 17 437.449982 0.120146 16 519.094116 0.059601 24 546.703186 0.010051 15 585.443359 0.003137 14 654.272461 0.019903 13 782.193848 0.088170 12 874.048584 0.030827 11 984.009216 0.023198 10 1042.548584 0.014086 9 1097.275757 0.001605 8 1174.966309 0.010495 7 1209.817749 0.007709 6 1308.481934 0.009938 5 1373.138062 0.001929 4 1434.037231 0.003246 3 1569.550049 0.004549 27 1661.456665 0.001097 2 1758.743774 0.002397 29 1834.623657 0.003305 1 1893.968384 0.001164 0 1968.586792 0.004007 23 2375.658936 0.001170 33 8076.461914 0.000133
0.550000 31 22 108.543274 0.023284 26 160.680313 0.002258 21 196.947052 0.177569 30 217.387802 0.131828 20 258.944366 0.089479 19 326.767975 0.128025 35 354.775604 0.002081 18 390.374115 0.283988 17 437.342987 0.122272 16 518.859802 0.058684 24 547.076172 0.009168 15 584.939941 0.003369 14 654.235901 0.021543 13 779.157227 0.099535 12 874.075012 0.028253 11 985.633484 0.018006 10 1042.537964 0.014066 9 1097.392578 0.001656 8 1174.812012 0.010127 7 1209.977905 0.007272 6 1307.703491 0.009492 5 1373.187256 0.001835 4 1432.609497 0.003219 3 1568.804565 0.004549 27 1661.320435 0.001130 2 1759.787842 0.002206 29 1834.553345 0.003161 1 1893.937256 0.001146 0 1968.780518 0.003892 23 2375.841553 0.001058 33 8059.154297 0.000181
0.560000 31 22 108.699409 0.022805 26 164.514999 0.002214 21 195.399216 0.180425 30 218.725128 0.124507 20 258.725067 0.091942 19 326.916656 0.124256 35 356.232849 0.003103 18 390.283356 0.283430 17 437.195465 0.123261 16 518.639832 0.057881 24 547.357361 0.008261 15 584.792480 0.003684 14 654.254028 0.023225 13 776.458374 0.110045 12 874.347717 0.025155 11 988.823608 0.013921 10 1042.434937 0.014308 9 1097.153564 0.001693 8 1174.616577 0.009855 7 1210.023315 0.006919 6 1305.805542 0.008169 5 1372.849731 0.001659 4 1432.445557 0.002901 3 1568.638672 0.004460 27 1661.678467 0.001141 2 1760.970215 0.002349 29 1834.374634 0.003004 1 1894.236084 0.001149 0 1968.816650 0.003794 23 2375.947510 0.000949 33 8064.248535 0.000188
0.570000 31 22 108.638138 0.022465 26 156.277359 0.001210 21 194.919510 0.184088 30 219.117889 0.122829 20 258.638153 0.093085 19 327.056183 0.119536 35 357.690125 0.004125 18 390.205292 0.281142 17 437.216766 0.123262 16 518.494324 0.057363 24 546.284546 0.007639 15 585.201721 0.004036 14 654.314514 0.024797 13 776.718079 0.100577 12 874.806580 0.021682 11 990.352661 0.012196 10 1042.288452 0.014718 9 1096.730103 0.001717 8 1174.357300 0.009544 7 1209.937622 0.006672 6 1303.288574 0.006940 5 1372.122070 0.001469 4 1433.423828 0.002437 3 1569.393188 0.004249 27 1662.180786 0.001139 2 1760.649780 0.002527 29 1834.238770 0.002836 1 1894.552002 0.001166 0 1968.744141 0.003731 23 2376.060547 0.000844 33 8084.148438 0.000208
0.580000 31 22 108.418846 0.022262 26 150.570160 0.000885 21 195.887283 0.189100 30 217.573303 0.132536 20 258.782135 0.093011 19 327.172607 0.114566 35 359.147369 0.005147 18 390.149933 0.277394 17 437.253021 0.123432 16 518.382263 0.057090 24 546.476562 0.007073 15 585.455200 0.004447 14 654.374084 0.026199 13 779.921143 0.082893 12 875.337341 0.017962 11 989.848877 0.012622 10 1042.127197 0.015257 9 1096.193848 0.001711 8 1174.052856 0.009127 7 1209.814941 0.006438 6 1301.513672 0.006228 5 1371.541870 0.001318 4 1434.664551 0.001996 3 1569.932861 0.004062 27 1662.419312 0.001141 2 1759.556396 0.002700 29 1834.159058 0.002656 1 1894.687256 0.001193 0 1968.610596 0.003687 23 2376.562988 0.000746 33 8095.516113 0.000247
0.590000 31 22 108.203674 0.022159 26 150.475937 0.001281 21 197.315125 0.189099 30 214.529755 0.151027 20 259.087952 0.091586 19 327.258209 0.110045 35 360.281952 0.006003 18 390.128815 0.272021 17 437.272827 0.123921 16 518.306580 0.057041 24 547.750061 0.006430 15 585.373413 0.004918 14 654.403625 0.027394 13 783.735718 0.067279 12 876.029297 0.014133 11 987.712952 0.015045 10 1041.982666 0.015870 9 1095.713135 0.001664 8 1173.744629 0.008605 7 1209.711426 0.006186 6 1301.145264 0.006217 5 1371.487427 0.001233 4 1435.396118 0.001666 3 1569.713379 0.003966 27 1662.268311 0.001156 2 1758.435913 0.002847 29 1834.097412 0.002463 1 1894.581909 0.001220 0 1968.505127 0.003644 23 2377.513184 0.000663 33 8095.647949 0.000285
0.600000 31 22 108.230789 0.022091 26 150.866043 0.001312 21 197.175064 0.173105 30 211.685394 0.168704 20 259.361694 0.088596 19 327.308533 0.106672 35 360.572876 0.006424 18 390.156433 0.264603 17 437.326843 0.124163 16 518.298096 0.057194 24 547.948975 0.005644 15 585.161743 0.005430 14 654.385376 0.028358 13 784.103638 0.063151 12 877.147217 0.010374 11 985.013550 0.019220 10 1041.889160 0.016484 9 1095.533813 0.001572 8 1173.492554 0.008033 7 1209.658447 0.005924 6 1302.299438 0.006907 5 1372.201538 0.001216 4 1434.914551 0.001476 3 1568.660522 0.003967 27 1661.828369 0.001185 2 1758.061401 0.002956 29 1833.979248 0.002254 1 1894.285767 0.001236 0 1968.550903 0.003580 23 2378.698486 0.000609 33 8096.568359 0.000291
0.610000 31 22 108.528168 0.021997 26 151.256134 0.001343 21 193.833603 0.147953 30 215.960968 0.157270 20 259.573608 0.085721 19 327.263031 0.104739 35 360.863831 0.006846 18 390.328461 0.255323 17 437.291840 0.124050 16 518.299438 0.057463 24 548.147888 0.004859 15 584.981384 0.005946 14 654.375122 0.028957 13 779.827332 0.071159 12 879.947205 0.007568 11 984.045105 0.023148 10 1041.857056 0.016950 9 1095.955444 0.001499 8 1173.329102 0.007457 7 1209.663940 0.005608 6 1303.959595 0.008257 5 1373.163574 0.001213 4 1432.945435 0.001406 3 1568.254883 0.003892 27 1661.748291 0.001200 2 1758.424438 0.002851 29 1833.846924 0.002047 1 1894.018188 0.001223 0 1968.856812 0.003484 23 2379.064697 0.000596 33 8096.646484 0.000261
0.620000 31 22 108.750969 0.021913 26 148.882004 0.001214 21 193.131210 0.137818 30 217.169479 0.152375 20 259.615448 0.084224 19 327.223816 0.103249 35 361.154755 0.007268 18 390.471283 0.245782 17 437.284332 0.122627 16 518.303955 0.057438 24 548.610657 0.004199 15 585.034485 0.006470 14 654.429749 0.029307 13 775.314697 0.080754 12 881.473328 0.006361 11 983.617371 0.025688 10 1041.840820 0.017285 9 1096.343872 0.001460 8 1173.398315 0.006878 7 1209.619263 0.005223 6 1304.920776 0.009514 5 1373.519287 0.001170 4 1431.432007 0.001330 3 1568.523438 0.003706 27 1661.896606 0.001186 2 1758.412598 0.002437 29 1833.855835 0.001870 1 1893.745239 0.001191 0 1969.113525 0.003397 23 2378.564941 0.000609 33 8094.704102 0.000218
0.630000 32 22 108.833778 0.021830 26 152.968262 0.001297 21 194.633286 0.140482 30 216.283875 0.149577 20 259.622009 0.084184 19 327.250488 0.102097 35 360.285522 0.006975 18 390.526337 0.236728 17 437.251312 0.120404 16 518.341736 0.057015 24 548.951782 0.003757 15 585.209412 0.006995 14 654.532959 0.029421 13 770.453979 0.078730 36 856.071106 0.002449 12 881.070312 0.006642 11 983.512085 0.026693 10 1041.842896 0.017512 9 1096.525879 0.001442 8 1173.603394 0.006255 7 1209.784790 0.004750 6 1305.454346 0.010394 5 1373.272827 0.001102 4 1430.583496 0.001221 3 1568.529175 0.003507 27 1661.936646 0.001162 2 1757.927246 0.001810 29 1833.945801 0.001736 1 1893.502075 0.001157 0 1969.135864 0.003332 23 2377.695557 0.000652 33 8090.916016 0.000184
0.640000 32 22 108.866135 0.021674 26 161.480453 0.001944 21 196.211929 0.147968 30 215.602753 0.142933 20 259.480011 0.084546 19 327.369843 0.101260 35 359.496429 0.006319 18 390.488556 0.228150 17 437.219330 0.117535 16 518.418518 0.055953 24 549.117065 0.003479 15 585.449463 0.007433 14 654.684937 0.029233 13 765.885803 0.067307 36 846.980286 0.001675 12 878.941956 0.008286 11 983.586609 0.026076 10 1041.857544 0.017578 9 1096.707886 0.001472 8 1173.781250 0.005558 7 1210.233032 0.004200 6 1305.720703 0.010695 5 1372.627563 0.001031 4 1430.268066 0.001087 3 1567.816895 0.003328 27 1661.768799 0.001140 2 1758.200317 0.001139 29 1834.079102 0.001642 1 1893.358276 0.001131 0 1968.912598 0.003278 23 2376.727051 0.000724 33 8086.806641 0.000161
0.650000 33 22 109.063690 0.021299 26 164.053833 0.003445 21 194.640182 0.148046 30 218.234695 0.125966 20 258.889221 0.083303 19 327.586151 0.100629 35 361.591858 0.006578 18 390.390564 0.219281 17 437.283142 0.113854 16 518.526062 0.053861 24 549.277466 0.003133 15 585.752197 0.007623 14 654.901123 0.028599 13 762.812195 0.059656 37 786.163879 0.047201 36 838.090088 0.000955 12 876.011353 0.011048 11 983.733887 0.023838 10 1041.874023 0.017356 9 1097.330566 0.001599 8 1173.706909 0.004766 7 1210.903076 0.003612 6 1305.815063 0.010283 5 1371.983276 0.000979 4 1430.087769 0.000961 3 1566.309814 0.003148 27 1661.475952 0.001126 2 1761.317017 0.000659 29 1834.241333 0.001577 1 1893.395020 0.001120 0 1968.569580 0.003203 23 2375.789307 0.000817 33 8084.998535 0.000140
0.660000 33 22 109.976288 0.019580 26 145.284836 0.004844 21 193.049225 0.140268 30 219.998520 0.113952 20 257.178497 0.075720 19 327.972900 0.096085 35 363.677185 0.013629 18 390.180145 0.203030 17 437.875824 0.106099 16 518.783325 0.048598 24 549.277466 0.000565 15 586.776184 0.006976 14 655.370483 0.026558 13 762.726135 0.058998 37 786.055420 0.047677 36 835.805664 0.002039 12 874.599487 0.013100 11 983.734070 0.019733 10 1041.918701 0.016117 9 1097.469116 0.001868 8 1172.918335 0.003892 7 1211.896973 0.003056 6 1305.651001 0.008855 5 1372.736694 0.000921 4 1429.614380 0.000855 3 1565.152954 0.002719 27 1661.576416 0.001066 2 1765.662354 0.000736 29 1834.755981 0.001484 1 1893.311523 0.001086 0 1968.453735 0.002942 23 2375.048828 0.000861 33 8089.964355 0.000100
0.670000 28 22 113.059509 0.016233 21 192.677750 0.126661 30 220.320221 0.104538 20 253.140823 0.063808 19 328.732697 0.083447 18 389.847107 0.173940 17 438.509247 0.092605 16 519.491638 0.039741 15 588.943665 0.005733 14 656.270874 0.022681 13 765.437195 0.058087 12 873.037292 0.013136 11 983.329956 0.014755 10 1042.053711 0.013574 9 1096.750000 0.002050 8 1171.698608 0.002985 7 1213.146484 0.002455 6 1305.301514 0.006846 5 1375.455566 0.000828 4 1428.374146 0.000724 3 1565.260498 0.002042 27 1662.221558 0.000917 2 1770.299072 0.000952 29 1835.771118 0.001306 1 1892.594971 0.000976 0 1968.672729 0.002442 23 2374.751465 0.000788 33 8099.848633 0.000083
0.680000 24 21 194.741455 0.105172 19 330.418549 0.063802 18 389.418182 0.133369 17 438.843262 0.073103 16 520.965881 0.028754 15 591.317810 0.004247 14 657.799500 0.017356 13 769.235962 0.051935 12 870.700928 0.011301 11 982.333435 0.009754 10 1042.355591 0.010081 8 1170.325928 0.002092 7 1214.268677 0.001811 6 1304.858398 0.004657 5 1379.169434 0.000698 4 1425.345825 0.000567 3 1566.597900 0.001314 27 1663.528931 0.000700 2 1770.569458 0.000998 29 1837.211304 0.001043 1 1891.025635 0.000790 0 1969.201782 0.001783 23 2374.888428 0.000619 33 8106.273438 0.000066
