par-text-frame-format
point-type index frequency amplitude
partials-count 52
frame-count 90
frame-data
0.000000 21 20 102.847954 0.014933 19 197.426987 0.109588 18 329.121460 0.292044 17 386.575562 0.237440 16 440.748108 0.135805 15 521.302734 0.100620 14 659.695435 0.044852 13 780.565002 0.059312 12 875.790955 0.020398 11 980.543213 0.017409 10 1039.903687 0.023025 9 1097.395508 0.003888 8 1175.118652 0.009470 7 1297.956055 0.005056 6 1560.896851 0.002996 5 1643.493652 0.001900 4 1753.138184 0.002234 3 1833.713623 0.002962 2 1974.938354 0.007214 1 2192.106934 0.001477 0 2645.625000 0.001174
0.010000 21 20 104.528305 0.021123 19 198.188370 0.195441 18 327.925446 0.430809 17 388.175903 0.345794 16 440.037231 0.209102 15 520.200867 0.149603 14 659.768494 0.061367 13 781.469971 0.089433 12 874.837585 0.030569 11 979.984985 0.026535 10 1040.320923 0.034916 9 1101.069336 0.004025 8 1175.278687 0.015573 7 1300.805054 0.009402 6 1560.705688 0.004622 5 1644.533325 0.002777 4 1754.790405 0.004647 3 1834.442139 0.004572 2 1974.997925 0.011385 1 2192.834717 0.002049 0 2646.297852 0.001743
0.020000 25 20 106.311729 0.026238 19 197.660767 0.264829 24 259.228729 0.111281 18 327.200073 0.524939 17 389.218719 0.430202 16 439.168274 0.268400 23 481.295349 0.080722 15 519.412964 0.187938 22 552.185669 0.040307 21 582.655884 0.024169 14 659.988770 0.069947 13 782.044006 0.111406 12 874.672424 0.035781 11 979.608032 0.033276 10 1040.639893 0.043158 9 1101.648071 0.003635 8 1175.100098 0.020805 7 1303.242676 0.014869 6 1560.851685 0.005872 5 1645.469360 0.003302 4 1755.459961 0.007545 3 1834.853027 0.005794 2 1974.743530 0.014750 1 2179.673096 0.001834 0 2647.102783 0.002128
0.030000 26 20 107.846664 0.029971 19 196.340424 0.305904 24 257.409241 0.128222 25 296.368011 0.034234 18 326.788116 0.570381 17 389.860657 0.487255 16 438.370483 0.307964 23 485.364288 0.085382 15 518.891541 0.211474 22 550.652893 0.034446 21 585.617310 0.020567 14 660.148560 0.072674 13 782.323975 0.124939 12 875.492249 0.035045 11 979.396973 0.037255 10 1040.879150 0.047009 9 1100.747314 0.003169 8 1174.740601 0.024544 7 1305.276001 0.021177 6 1561.293091 0.006644 5 1646.279907 0.003422 4 1755.600098 0.010413 3 1835.037598 0.006504 2 1974.119507 0.016863 1 2169.975098 0.001518 0 2648.073242 0.002307
0.040000 29 20 108.865295 0.032073 19 194.930511 0.319631 24 256.626099 0.136444 25 296.311279 0.013405 18 326.591492 0.573570 17 390.199554 0.519412 16 437.834076 0.326845 23 488.307190 0.087715 15 518.593689 0.219744 22 547.307068 0.031964 21 586.610901 0.016960 28 632.564575 0.006746 14 660.034851 0.072967 27 751.707397 0.006453 13 782.318359 0.132083 12 877.431030 0.029529 11 979.337708 0.038698 10 1041.060181 0.046775 9 1099.373779 0.002905 8 1174.333618 0.026613 26 1209.388062 0.005528 7 1306.850220 0.027820 6 1561.947754 0.006975 5 1646.947998 0.003173 4 1755.526001 0.012841 3 1835.085449 0.006712 2 1973.058594 0.017556 1 2173.726074 0.001515 0 2649.180420 0.002306
0.050000 30 20 109.184662 0.032357 19 194.335709 0.319654 29 219.624023 0.120096 24 256.714569 0.138461 25 297.313385 0.011535 18 326.570557 0.551309 17 390.275055 0.534954 16 437.709045 0.328851 23 489.082672 0.087969 15 518.480591 0.215943 22 544.594788 0.034436 21 587.012634 0.014348 28 616.378601 0.003047 14 659.430542 0.075560 27 733.679077 0.001898 13 782.008240 0.137191 12 880.552002 0.022542 11 979.417297 0.038428 10 1041.207520 0.043801 9 1097.933350 0.002944 8 1173.988037 0.027283 26 1210.559814 0.005781 7 1307.850098 0.034070 6 1562.692383 0.007035 5 1647.461670 0.002678 4 1755.414551 0.014519 3 1835.084106 0.006564 2 1971.482056 0.016939 1 2193.504395 0.001965 0 2650.331787 0.002203
0.060000 30 20 109.007355 0.031196 19 195.094086 0.322742 29 219.023560 0.119897 24 257.555817 0.139293 25 298.315491 0.009664 18 326.671783 0.519187 17 390.200745 0.543704 16 437.743317 0.321700 23 489.067902 0.085124 15 518.397217 0.208309 22 546.168518 0.033579 21 587.330566 0.012965 28 616.956604 0.002490 14 658.189270 0.085656 27 734.548706 0.001844 13 781.445984 0.144134 12 881.718262 0.019814 11 979.559448 0.037038 10 1041.322388 0.039893 9 1098.397827 0.002952 8 1173.942261 0.026744 26 1210.801147 0.005864 7 1308.137085 0.037863 6 1563.050659 0.007028 5 1648.029175 0.002149 4 1755.462402 0.015260 3 1835.128540 0.006273 2 1969.518311 0.015091 1 2193.912109 0.002005 0 2650.947754 0.002093
0.070000 30 20 108.814178 0.030069 19 195.830231 0.323523 29 218.423080 0.119698 24 258.200592 0.142075 25 299.317596 0.007794 18 326.711609 0.484894 17 390.097260 0.551614 16 437.702789 0.314048 23 489.305084 0.082489 15 518.346069 0.200996 22 546.225403 0.033897 21 587.592346 0.011699 28 614.365356 0.002547 14 657.063049 0.099848 27 728.746887 0.001605 13 781.049622 0.149899 12 880.806213 0.020592 11 979.530579 0.034900 10 1041.437988 0.035931 9 1098.475708 0.002819 8 1174.191772 0.025509 26 1210.840576 0.005989 7 1308.010986 0.038889 6 1562.861084 0.006954 5 1648.926025 0.001719 4 1755.626099 0.015454 3 1835.219238 0.005951 2 1967.686523 0.012546 1 2178.970703 0.001567 0 2650.965088 0.002005
0.080000 31 20 108.733467 0.029338 19 195.609116 0.315607 29 217.822617 0.119498 24 258.610718 0.146756 25 299.316589 0.006346 18 326.707428 0.451921 17 389.969940 0.558449 16 437.713928 0.305175 23 489.157959 0.079670 15 518.298279 0.193338 22 545.784302 0.034600 21 587.291199 0.010526 28 610.733643 0.002805 14 656.214783 0.116052 27 723.012573 0.001336 13 780.939575 0.152941 12 879.022522 0.024725 11 979.292358 0.032241 10 1041.590454 0.031956 9 1098.380493 0.002575 8 1174.724243 0.023791 26 1210.724609 0.006107 7 1307.417603 0.037300 30 1433.074463 0.003599 6 1562.220825 0.006787 5 1649.870361 0.001407 4 1755.790405 0.015072 3 1835.323120 0.005589 2 1965.693726 0.009630 1 2168.706787 0.001293 0 2650.358398 0.001930
0.090000 33 20 108.831268 0.029181 19 194.567276 0.301356 29 217.729034 0.115114 24 258.780029 0.152438 25 298.521759 0.005634 18 326.711639 0.422406 32 354.963287 0.022902 17 389.852234 0.563653 16 437.767975 0.295049 23 488.737793 0.076579 15 518.222534 0.185103 22 545.788513 0.035068 21 586.616821 0.009517 28 609.128906 0.002991 14 655.674988 0.132699 27 714.595886 0.001393 13 781.100281 0.153126 12 877.337341 0.031453 11 978.888489 0.029350 10 1041.823364 0.027994 9 1098.078247 0.002282 8 1175.467041 0.021911 26 1210.475586 0.006203 7 1306.365601 0.033731 30 1434.353638 0.003346 6 1561.357910 0.006533 5 1650.420898 0.001218 4 1755.861084 0.014055 3 1835.408081 0.005176 2 1963.410278 0.006745 1 2173.886230 0.001425 31 2375.074951 0.002347 0 2649.102539 0.001861
0.100000 33 20 109.112236 0.029595 19 193.872070 0.291543 29 219.119202 0.098496 24 258.733215 0.157389 25 298.301788 0.005863 18 326.809692 0.397154 32 355.901642 0.025126 17 389.804657 0.566361 16 437.727509 0.284288 23 488.869720 0.073427 15 518.085999 0.176474 22 547.087708 0.034849 21 586.426514 0.008836 28 613.459595 0.002965 14 655.346252 0.148718 27 691.845947 0.002320 13 781.382996 0.151706 12 876.489929 0.039424 11 978.443726 0.026587 10 1042.186401 0.024059 9 1097.301636 0.002036 8 1176.286743 0.020297 26 1210.093506 0.006297 7 1304.929321 0.029297 30 1436.451294 0.003031 6 1560.628906 0.006222 5 1649.989258 0.001140 4 1755.765625 0.012318 3 1835.442993 0.004706 2 1960.887939 0.004364 1 2196.167480 0.001823 31 2374.759277 0.002552 0 2647.179199 0.001787
0.110000 33 20 109.353691 0.030056 19 194.206589 0.292199 29 219.358200 0.094964 24 258.314423 0.157251 25 298.081848 0.006092 18 326.913239 0.372313 32 356.840027 0.027351 17 389.828156 0.563715 16 437.824036 0.271387 23 489.128326 0.070017 15 518.005371 0.167942 22 545.489075 0.035578 21 586.782532 0.008375 28 613.679077 0.002915 14 655.190125 0.163396 27 688.436401 0.003493 13 781.360474 0.152083 12 875.712280 0.047614 11 978.391052 0.024463 10 1042.732666 0.020394 9 1096.499023 0.001948 8 1176.621948 0.019828 26 1209.835938 0.006484 7 1304.026978 0.026261 30 1437.118286 0.003092 6 1560.706055 0.005974 5 1649.224487 0.001234 4 1755.700439 0.009627 3 1835.392944 0.004195 2 1963.372070 0.002719 1 2195.203857 0.001530 31 2374.984375 0.002580 0 2645.132080 0.001743
0.120000 34 20 109.246536 0.029940 19 194.335190 0.293831 29 219.597214 0.091431 24 257.719971 0.153473 25 297.861908 0.006320 18 326.916199 0.346085 32 358.359009 0.024238 17 389.873718 0.558872 16 438.013519 0.257575 23 488.907562 0.066238 15 517.937744 0.159524 22 545.837524 0.035622 21 587.107056 0.007985 28 613.898560 0.002866 14 655.118042 0.177173 27 687.611450 0.004561 33 739.305481 0.003500 13 781.017395 0.153631 12 875.082397 0.055146 11 978.830383 0.022937 10 1043.401123 0.017136 9 1096.096924 0.001958 8 1176.364868 0.020471 26 1209.629517 0.006638 7 1304.103027 0.024783 30 1436.137207 0.003383 6 1561.320312 0.005883 5 1649.129028 0.001417 4 1759.841797 0.006676 3 1835.364380 0.003700 2 1972.473511 0.002797 1 2180.044434 0.001351 31 2375.251221 0.002540 0 2643.852783 0.001764
0.130000 34 20 108.819893 0.029309 19 194.287674 0.295842 29 219.836212 0.087898 24 257.297974 0.148707 25 292.113708 0.006711 18 326.860596 0.319921 32 359.524750 0.020032 17 389.943634 0.552296 16 438.183868 0.243421 23 488.983917 0.062522 15 517.837158 0.151765 22 546.578125 0.034810 21 587.076721 0.007622 28 613.927795 0.002884 14 655.084900 0.190163 27 688.510071 0.005585 33 730.902344 0.001018 13 780.584717 0.153877 12 874.678467 0.061594 11 979.720032 0.021944 10 1044.188965 0.014362 9 1096.470581 0.002040 8 1175.630371 0.022118 26 1209.567993 0.006794 7 1305.028076 0.024391 30 1434.478516 0.003778 6 1562.099121 0.005940 5 1649.606201 0.001592 4 1755.020386 0.004584 3 1835.392700 0.003249 2 1976.852661 0.004361 1 2170.904053 0.001350 31 2375.449219 0.002479 0 2643.505371 0.001873
0.140000 34 20 108.216667 0.028448 19 194.344284 0.299470 29 220.013977 0.067783 24 257.218384 0.145127 25 283.818909 0.005659 18 326.774078 0.294523 32 360.160980 0.016450 17 390.016144 0.543968 16 438.324768 0.229215 23 489.351593 0.059025 15 517.762024 0.145037 22 546.757141 0.033355 21 586.779419 0.007330 28 614.528259 0.003066 14 655.054077 0.202406 27 690.317627 0.006335 33 734.450806 0.000866 13 780.349243 0.150429 12 874.498901 0.066728 11 980.933228 0.021410 10 1045.024292 0.012148 9 1097.406616 0.002157 8 1174.621948 0.024483 26 1209.655273 0.006902 7 1306.498901 0.024344 30 1433.219971 0.004089 6 1562.717163 0.006080 5 1650.261108 0.001654 4 1744.589600 0.003759 3 1835.471191 0.002865 2 1974.692261 0.006917 1 2176.164795 0.001469 31 2375.564697 0.002426 0 2644.039062 0.002083
0.150000 32 20 107.689568 0.027856 19 195.013474 0.307596 24 257.483643 0.144459 18 326.671173 0.269890 32 360.784546 0.012896 17 390.047424 0.533448 16 438.518677 0.214994 23 489.279022 0.055641 15 517.866333 0.139551 22 545.993835 0.031831 21 586.683289 0.007240 28 617.291138 0.003526 14 654.996521 0.213879 27 692.236023 0.006320 33 735.620300 0.000724 13 780.650818 0.141004 12 874.465698 0.070507 11 982.259155 0.021252 10 1045.767700 0.010567 9 1098.138550 0.002263 8 1173.630737 0.027100 26 1209.810059 0.006832 7 1308.048584 0.023640 30 1433.539185 0.004067 6 1562.892212 0.006185 5 1650.382812 0.001491 4 1747.202515 0.003940 3 1835.552856 0.002567 2 1973.046875 0.009721 1 2192.984375 0.001539 31 2375.676514 0.002395 0 2645.192627 0.002397
0.160000 32 20 107.599472 0.028269 19 195.690598 0.312762 24 258.028198 0.146438 18 326.512665 0.244715 32 359.556641 0.013463 17 390.072083 0.522561 16 438.527222 0.202911 23 488.950836 0.051793 15 518.007019 0.135815 22 546.512024 0.030686 21 586.315552 0.007427 28 614.862793 0.003706 14 654.935608 0.224428 27 691.879761 0.006652 33 736.789795 0.000582 13 781.688904 0.127522 12 874.488159 0.072592 11 983.408325 0.021458 10 1046.023560 0.009958 9 1098.180786 0.002246 8 1173.033203 0.028975 26 1209.961060 0.006705 7 1309.997314 0.020793 30 1435.259399 0.003705 6 1562.498901 0.006001 5 1644.580933 0.001102 4 1752.904297 0.005521 3 1835.594727 0.002402 2 1972.371216 0.011910 1 2195.245605 0.001713 31 2375.936768 0.002418 0 2646.439209 0.002746
0.170000 32 20 107.785912 0.029238 19 195.309525 0.305681 24 258.393066 0.146407 18 326.428497 0.220717 32 355.896515 0.016709 17 390.092346 0.512413 16 438.557526 0.191695 23 489.254974 0.048207 15 518.132629 0.133360 22 545.784851 0.029692 21 586.230774 0.007696 28 615.350281 0.004064 14 654.874390 0.234320 27 693.116943 0.006334 33 749.977478 0.008977 13 782.449951 0.117514 12 874.447021 0.073196 11 984.251038 0.021942 10 1045.723999 0.010018 9 1098.136475 0.002181 8 1172.703979 0.029681 26 1210.019165 0.006538 7 1312.815063 0.017648 30 1436.250732 0.003455 6 1561.826050 0.005519 5 1641.032837 0.000844 4 1754.516846 0.006566 3 1835.732178 0.002335 2 1972.329712 0.012819 1 2181.539062 0.001465 31 2375.909424 0.002518 0 2647.402100 0.002980
0.180000 32 20 108.107643 0.030323 19 194.683395 0.293470 24 258.497528 0.142838 18 326.484467 0.199386 32 354.368408 0.019404 17 390.120209 0.502224 16 438.577667 0.180922 23 489.189636 0.044864 15 518.289551 0.131397 22 545.473938 0.028197 21 585.907104 0.007891 28 614.414917 0.004361 14 654.807434 0.243664 27 693.090942 0.006107 33 746.643311 0.008766 13 782.587463 0.112046 12 874.299194 0.072069 11 984.783875 0.022775 10 1045.026367 0.010632 9 1098.069946 0.002106 8 1172.590454 0.029107 26 1210.004028 0.006437 7 1315.146729 0.015545 30 1436.169189 0.003414 6 1560.822388 0.004786 5 1650.049438 0.000758 4 1755.174194 0.006969 3 1835.930542 0.002351 2 1972.579712 0.012477 1 2171.965576 0.001305 31 2375.527344 0.002675 0 2648.031982 0.003033
0.190000 33 20 108.447174 0.031136 19 194.368912 0.281545 34 219.655746 0.069377 24 258.324219 0.135491 18 326.623810 0.180979 32 356.146820 0.019754 17 390.161896 0.490938 16 438.576660 0.170366 23 488.663239 0.041700 15 518.427429 0.129302 22 545.952881 0.026167 21 585.229736 0.007888 28 612.739075 0.004496 14 654.731689 0.252572 27 692.301697 0.006007 33 727.655518 0.000503 13 782.103333 0.110523 12 874.062988 0.069037 11 985.006042 0.024012 10 1044.148804 0.011699 9 1097.929077 0.002028 8 1172.675903 0.027220 26 1209.981689 0.006445 7 1316.133667 0.015126 30 1435.056274 0.003605 6 1559.428589 0.003910 5 1664.627808 0.000842 4 1756.626221 0.006695 3 1836.094849 0.002438 2 1972.847534 0.011069 1 2176.416260 0.001499 31 2374.994873 0.002839 0 2648.284668 0.002871
0.200000 33 20 108.706841 0.031335 19 194.684113 0.273802 34 219.560974 0.070896 24 257.919586 0.125362 18 326.672943 0.164591 32 359.320129 0.017292 17 390.218201 0.477273 16 438.565460 0.159984 23 488.407013 0.038602 15 518.410278 0.126597 22 546.421631 0.024147 21 584.456787 0.007592 28 615.444336 0.004493 14 654.646423 0.261172 27 694.219421 0.005446 33 720.555908 0.000655 13 781.332458 0.110754 12 873.815247 0.064018 11 984.922485 0.025694 10 1043.369507 0.013119 9 1097.559082 0.001925 8 1172.977783 0.024078 26 1210.057983 0.006545 7 1315.375977 0.016395 30 1433.328247 0.003981 6 1557.596069 0.003055 5 1662.244019 0.001047 4 1759.380859 0.005784 3 1836.074829 0.002587 2 1972.909058 0.008934 1 2195.043945 0.002076 31 2374.767578 0.002930 0 2648.122070 0.002491
0.210000 33 20 108.844704 0.030720 19 194.656174 0.266713 34 219.466202 0.072415 24 257.717773 0.117018 18 326.040863 0.147143 32 362.493439 0.014830 17 390.269562 0.462934 16 438.878448 0.150298 23 488.499878 0.035461 15 518.416687 0.123491 22 545.779480 0.023148 21 584.040710 0.007165 28 613.312012 0.004291 14 654.557068 0.269624 27 692.625061 0.005261 33 733.160034 0.000784 13 781.750305 0.106407 12 873.817017 0.056769 11 984.539673 0.027908 10 1042.812378 0.014848 9 1097.046509 0.001806 8 1173.981445 0.019819 26 1209.839844 0.006617 7 1313.401611 0.019008 30 1432.733887 0.004089 6 1556.870361 0.002576 5 1659.090698 0.001366 4 1763.016479 0.004913 3 1835.797241 0.002802 2 1971.751343 0.006533 1 2175.329346 0.001499 31 2375.342041 0.002854 0 2647.361328 0.001959
0.220000 35 20 108.876244 0.029958 19 194.279984 0.260933 34 219.371429 0.073934 24 257.553192 0.112869 36 284.945526 0.006637 18 325.220856 0.129071 32 363.467407 0.012981 17 390.353943 0.451634 16 439.025177 0.142682 23 488.268860 0.031764 15 518.514526 0.120303 22 546.054993 0.022256 21 583.888733 0.006579 28 614.660217 0.004129 14 654.471069 0.278124 27 695.133118 0.004562 33 751.414490 0.014979 13 782.721802 0.101570 12 874.052734 0.048476 11 984.089050 0.030333 10 1042.397949 0.016638 9 1096.709595 0.001671 8 1175.878906 0.015807 26 1209.706177 0.006709 7 1312.186523 0.020610 30 1433.737793 0.003834 6 1557.907349 0.002503 5 1651.879517 0.001807 4 1763.957520 0.004709 3 1835.500488 0.003042 2 1968.422852 0.004680 1 2170.187012 0.001376 35 2193.894775 0.002273 31 2375.703857 0.002739 0 2646.412354 0.001454
0.230000 35 20 108.841705 0.029391 19 194.239441 0.259517 34 218.351944 0.078032 24 257.459503 0.112317 36 286.144287 0.005595 18 324.564209 0.110365 32 360.677002 0.013983 17 390.413971 0.442941 16 439.124725 0.136910 23 488.276093 0.027806 15 518.575134 0.116978 22 546.620850 0.021396 21 583.548096 0.005888 28 614.902222 0.003834 14 654.391418 0.286671 27 696.085632 0.003600 33 749.825562 0.015113 13 783.276001 0.100377 12 874.412598 0.039630 11 983.638550 0.032728 10 1042.135254 0.018343 9 1096.467651 0.001522 8 1177.677124 0.012927 26 1209.528076 0.006734 7 1311.740845 0.020271 30 1435.358643 0.003452 6 1560.118530 0.002881 5 1645.994995 0.002253 4 1762.418701 0.005401 3 1835.243896 0.003295 2 1965.433838 0.003846 1 2169.655273 0.001396 35 2194.311768 0.002397 31 2375.825684 0.002607 0 2645.720703 0.001040
0.240000 36 20 108.799950 0.029206 19 194.735641 0.262000 34 217.117203 0.083328 24 257.434998 0.113842 36 287.343048 0.004553 18 324.115906 0.091230 32 355.785492 0.018010 17 390.415314 0.435809 16 439.191956 0.133046 23 488.544525 0.023825 15 518.591797 0.113526 22 546.731934 0.020640 21 583.134155 0.005044 28 614.226196 0.003431 14 654.318176 0.295169 27 695.560364 0.002836 33 733.399292 0.002104 13 782.891541 0.105104 12 874.709106 0.030558 11 983.230408 0.034815 10 1042.018433 0.019866 9 1096.172363 0.001379 8 1178.531860 0.011672 26 1209.363281 0.006693 7 1312.253784 0.017719 37 1373.409424 0.003147 30 1436.617798 0.003139 6 1562.584106 0.003622 5 1643.126221 0.002644 4 1759.281616 0.007059 3 1835.043213 0.003560 2 1964.077271 0.004151 1 2169.123535 0.001417 35 2195.645508 0.002519 31 2375.972412 0.002459 0 2645.596680 0.000749
0.250000 36 20 108.827126 0.029448 19 195.524536 0.264646 34 217.788849 0.085001 24 257.448059 0.115034 36 288.573090 0.003519 18 323.650055 0.072122 32 353.288208 0.023381 17 390.344788 0.428608 16 439.147980 0.131387 23 488.617981 0.020009 15 518.664673 0.110007 22 545.574158 0.020171 21 583.280762 0.003918 28 616.862244 0.003119 14 654.249146 0.303425 27 698.524170 0.002906 33 733.780029 0.002220 13 781.461487 0.116290 12 874.620361 0.021481 11 982.884094 0.036276 10 1042.025757 0.021158 9 1095.629150 0.001275 8 1177.734741 0.012180 26 1209.426392 0.006670 7 1314.064941 0.013316 37 1374.051514 0.003257 30 1436.529175 0.003059 6 1564.084961 0.004511 5 1641.721924 0.002976 4 1756.067749 0.009585 3 1834.875977 0.003844 2 1964.569214 0.005393 1 2168.628906 0.001438 35 2196.588135 0.002679 31 2376.663574 0.002280 0 2646.224365 0.000585
0.260000 36 20 108.954552 0.029691 19 194.955261 0.255689 34 218.460495 0.086675 24 257.662415 0.112102 36 292.530884 0.003106 18 323.018616 0.057446 32 350.790955 0.028752 17 390.272186 0.420185 16 438.690155 0.132728 23 487.987091 0.016404 15 518.798889 0.106185 22 546.203918 0.019347 21 585.871033 0.002872 28 611.364868 0.002766 14 654.209961 0.310678 27 693.819763 0.003149 33 734.160767 0.002336 13 780.308655 0.128347 12 868.493958 0.014352 11 982.578796 0.036277 10 1042.055664 0.022249 9 1095.958984 0.001231 8 1175.388062 0.014887 26 1209.251343 0.006528 7 1317.782227 0.009459 37 1373.905762 0.003112 30 1434.729126 0.003290 6 1564.847534 0.005052 5 1642.028809 0.003422 4 1755.116943 0.011642 3 1834.756592 0.004169 2 1966.229736 0.007132 1 2171.356201 0.001455 35 2196.986572 0.002770 31 2377.525391 0.002141 0 2647.264893 0.000551
0.270000 36 20 109.013962 0.029539 19 194.461227 0.246961 34 219.132141 0.088348 24 257.834808 0.104926 36 296.488647 0.002694 18 322.830872 0.048775 32 350.490570 0.029851 17 390.196533 0.409720 16 438.482269 0.135131 23 488.701538 0.013223 15 518.828735 0.102006 22 546.833740 0.018523 21 587.837463 0.002204 28 612.040405 0.002492 14 654.194580 0.316826 27 694.593262 0.004014 33 734.541504 0.002452 13 780.448853 0.132609 12 865.395142 0.013095 11 982.254761 0.034828 10 1042.027832 0.023234 9 1096.923584 0.001218 8 1173.682373 0.018269 26 1209.302124 0.006412 7 1319.465820 0.007096 37 1372.836548 0.002823 30 1433.240723 0.003515 6 1565.795532 0.005168 5 1643.076538 0.003929 4 1754.576782 0.012956 3 1834.667358 0.004525 2 1967.968384 0.008233 1 2171.607666 0.001393 35 2197.624268 0.002709 31 2377.545654 0.002098 0 2647.775635 0.000600
0.280000 36 20 108.925552 0.029081 19 194.571915 0.243211 34 219.385300 0.089743 24 258.117004 0.094539 36 296.240997 0.002847 18 322.755096 0.045433 32 351.109222 0.028913 17 390.155426 0.396668 16 438.359131 0.138578 23 488.573456 0.010650 15 518.877869 0.097605 22 545.979370 0.017966 21 590.371765 0.001827 28 612.553711 0.002847 14 654.198792 0.321789 27 693.967773 0.005088 33 734.810974 0.002305 13 781.189270 0.132528 12 865.823730 0.016448 11 981.864441 0.031898 10 1041.970337 0.024072 9 1098.131470 0.001257 8 1172.652588 0.021448 26 1209.538696 0.006263 7 1319.023560 0.005802 37 1371.450928 0.002535 30 1432.809692 0.003529 6 1566.828613 0.004967 5 1643.703735 0.004318 4 1754.324707 0.013529 3 1834.613403 0.004906 2 1970.409180 0.008549 1 2171.052246 0.001362 35 2198.214844 0.002484 31 2376.925537 0.002139 0 2647.997070 0.000740
0.290000 36 20 108.681808 0.028482 19 195.157104 0.244223 34 219.240372 0.090873 24 258.573883 0.082295 36 291.992645 0.003536 18 322.626282 0.046520 32 351.377197 0.027280 17 390.180359 0.381235 16 438.234894 0.142756 23 487.285339 0.008770 15 518.974365 0.092895 22 544.558960 0.017486 21 598.087036 0.002366 28 611.465820 0.002790 14 654.213074 0.325426 27 691.947266 0.005994 33 734.974548 0.001908 13 781.842896 0.132250 12 868.886414 0.023954 11 981.294617 0.027570 10 1041.918701 0.024730 9 1099.014648 0.001337 8 1172.161865 0.023847 26 1209.938232 0.006076 7 1317.357666 0.005116 37 1370.337769 0.002337 30 1433.653442 0.003280 6 1567.689453 0.004580 5 1643.431885 0.004498 4 1754.262573 0.013344 3 1834.600342 0.005299 2 1973.151001 0.008296 1 2170.465576 0.001386 35 2198.643799 0.002101 31 2376.125977 0.002228 0 2648.142822 0.000971
0.300000 35 20 108.341873 0.027976 19 195.506363 0.245428 34 219.095428 0.092003 24 259.198730 0.069901 36 287.802063 0.004170 18 322.434052 0.050855 32 350.066864 0.025546 17 390.297729 0.364356 16 438.092010 0.147088 23 486.132812 0.007570 15 519.061707 0.087600 22 545.508240 0.016510 21 617.987610 0.004973 14 654.222839 0.327555 27 694.244751 0.006393 33 735.138123 0.001512 13 781.715332 0.136600 12 872.410828 0.035698 11 980.360535 0.022062 10 1041.915771 0.025191 9 1098.862305 0.001411 8 1171.916260 0.025146 26 1210.479492 0.005899 7 1316.295288 0.004533 37 1370.076538 0.002274 30 1435.498413 0.002860 6 1567.984497 0.004169 5 1642.390869 0.004461 4 1754.300415 0.012380 3 1834.633057 0.005685 2 1974.895264 0.008013 1 2169.888916 0.001410 35 2198.940918 0.001574 31 2375.831543 0.002313 0 2648.406006 0.001283
0.310000 35 20 108.127220 0.027810 19 194.673218 0.241324 34 218.950500 0.093133 24 260.286591 0.060221 36 287.802063 0.000796 18 323.256104 0.057951 32 350.483826 0.021754 17 390.550201 0.349663 16 438.105835 0.151564 23 486.394196 0.006773 15 518.911499 0.081599 22 546.457458 0.015534 21 616.357727 0.005214 14 654.229309 0.327659 27 691.812439 0.007384 33 735.301697 0.001115 13 780.471741 0.148329 12 873.176147 0.047251 11 977.814697 0.016440 10 1041.965942 0.025472 9 1098.232056 0.001350 8 1171.917725 0.024917 26 1210.447876 0.005744 7 1319.512207 0.003832 37 1370.858032 0.002351 30 1436.468506 0.002591 6 1567.421509 0.003876 5 1642.204956 0.004465 4 1753.875488 0.010379 3 1834.698486 0.005997 2 1974.077759 0.007805 1 2170.047607 0.001478 35 2198.940918 0.000300 31 2375.792236 0.002384 0 2648.695801 0.001625
0.320000 34 20 108.103867 0.027826 19 194.557083 0.240958 34 218.900467 0.096981 24 261.091492 0.052270 18 324.358765 0.066427 32 350.900757 0.017962 17 390.774017 0.337876 16 438.035889 0.156391 23 485.525055 0.006727 15 518.892822 0.075987 22 546.525208 0.014618 21 617.240540 0.005819 14 654.236450 0.326412 27 691.767883 0.007731 33 730.492310 0.001094 13 779.325684 0.158410 12 873.755859 0.056940 11 975.395447 0.012886 10 1041.998291 0.025657 9 1097.247437 0.001229 8 1172.094116 0.023641 26 1210.051270 0.005585 7 1320.056152 0.003790 37 1371.690918 0.002483 30 1435.881104 0.002505 6 1566.777222 0.003659 5 1642.867432 0.004561 4 1751.695190 0.008035 3 1834.722046 0.006205 2 1969.909668 0.007700 38 2105.929932 0.001673 1 2169.983154 0.001454 31 2375.421143 0.002478 0 2648.844971 0.001889
0.330000 34 20 108.183891 0.027912 19 195.128113 0.242496 34 218.841003 0.101713 24 261.310913 0.046088 18 325.153961 0.075124 32 351.317719 0.014170 17 390.830383 0.327494 16 437.899567 0.160519 23 484.217804 0.007194 15 518.992432 0.071001 22 546.621826 0.014091 21 616.585449 0.005950 14 654.247925 0.324005 27 691.284607 0.008293 33 724.148132 0.001188 13 778.913696 0.160083 12 874.198608 0.064792 11 974.438965 0.011580 10 1042.015015 0.025741 9 1096.369873 0.001130 8 1172.449707 0.021537 26 1209.574219 0.005464 7 1317.146362 0.004611 37 1372.431641 0.002612 30 1434.314087 0.002575 6 1566.306885 0.003497 5 1643.512329 0.004619 4 1749.042358 0.006176 3 1834.699097 0.006302 2 1965.294312 0.007789 38 2105.885010 0.001806 1 2170.385254 0.001422 31 2374.897949 0.002564 0 2648.751709 0.002015
0.340000 34 20 108.306709 0.027962 19 195.655579 0.241094 34 218.745010 0.106488 24 261.013397 0.041970 18 325.643890 0.083795 32 351.624054 0.008967 17 390.711182 0.318110 16 437.689819 0.163553 23 483.512665 0.007876 15 519.136169 0.066753 22 547.002075 0.013914 21 614.773743 0.005610 14 654.261536 0.320616 27 690.449341 0.008884 33 719.487183 0.000991 13 779.469116 0.151545 12 874.515259 0.071064 11 975.463318 0.012530 10 1042.039917 0.025715 9 1095.876831 0.001080 8 1173.003784 0.018815 26 1209.240112 0.005362 7 1312.644897 0.006239 37 1373.033447 0.002698 30 1432.676514 0.002699 6 1565.921753 0.003401 5 1643.481689 0.004545 4 1747.285034 0.005199 3 1834.633423 0.006291 2 1962.249146 0.007822 38 2105.894775 0.001921 1 2171.151123 0.001436 31 2374.494629 0.002607 0 2648.163574 0.001964
0.350000 33 20 108.431404 0.027873 19 194.842453 0.229584 34 218.649033 0.111264 24 260.594116 0.040412 18 326.318695 0.092949 17 390.521271 0.310210 16 437.386475 0.165630 23 484.715576 0.008416 15 519.202332 0.063245 22 547.357361 0.013740 21 615.745056 0.005491 14 654.270203 0.316440 27 691.685730 0.008485 13 780.856140 0.135426 12 874.687439 0.076250 11 978.241882 0.015541 10 1042.114746 0.025570 9 1095.880859 0.001061 8 1173.786743 0.015708 26 1209.218140 0.005209 7 1310.623413 0.008366 37 1373.522217 0.002717 30 1432.172241 0.002708 39 1471.061523 0.002209 6 1565.241577 0.003405 5 1642.319336 0.004283 4 1747.871094 0.005137 3 1834.536743 0.006183 2 1962.083740 0.007266 38 2105.716309 0.002024 1 2171.492676 0.001515 31 2374.561279 0.002565 0 2646.707764 0.001724
0.360000 33 20 108.502533 0.027466 19 193.802048 0.217856 34 218.553040 0.116039 24 260.742889 0.043355 18 327.090363 0.103379 17 390.408783 0.305307 16 437.315369 0.165841 23 486.393463 0.009114 15 519.457275 0.060816 22 546.162476 0.013734 21 613.416748 0.005250 14 654.264648 0.311928 27 691.524841 0.008498 13 781.631714 0.123902 12 874.631897 0.080796 11 980.145874 0.019441 10 1042.269165 0.025271 9 1095.743042 0.001031 8 1174.983398 0.012814 26 1209.235840 0.005079 7 1310.167725 0.009409 37 1373.320679 0.002633 30 1433.292114 0.002391 39 1471.680664 0.002435 6 1563.842773 0.003523 5 1641.749268 0.004124 4 1751.181885 0.006091 3 1834.424316 0.005987 2 1965.854004 0.006412 38 2105.346191 0.002112 1 2169.637939 0.001546 31 2375.098877 0.002459 0 2644.196289 0.001436
0.370000 33 20 108.462952 0.026903 19 194.071289 0.215520 34 217.189270 0.119038 24 261.088928 0.049354 18 327.100555 0.111863 17 390.317932 0.302440 16 437.331818 0.165180 23 487.487183 0.010189 15 519.584412 0.059015 22 545.572205 0.013336 21 614.497437 0.004953 14 654.251404 0.307694 27 692.042419 0.007970 13 781.175781 0.119085 12 874.478760 0.084673 11 981.149353 0.022122 10 1042.411133 0.024882 9 1095.469849 0.001036 8 1176.047974 0.010594 26 1209.385376 0.004860 7 1309.303101 0.009543 37 1372.975830 0.002521 30 1434.810425 0.002019 39 1471.755615 0.002679 6 1562.207520 0.003548 5 1642.151611 0.004143 4 1753.206299 0.007221 3 1834.297485 0.005739 2 1970.415283 0.006618 38 2105.043457 0.002160 1 2169.014160 0.001538 31 2375.447754 0.002380 0 2643.101074 0.001278
0.380000 33 20 108.430984 0.026405 19 194.951721 0.218995 34 216.751282 0.118695 24 261.268860 0.057311 18 326.651642 0.118657 17 390.233582 0.300389 16 437.364899 0.163945 23 488.086304 0.011415 15 519.500854 0.057659 22 546.302307 0.012562 21 614.784851 0.004606 14 654.235107 0.303753 27 691.820007 0.007393 13 779.707092 0.117781 12 874.332947 0.087406 11 981.745056 0.023235 10 1042.530640 0.024432 9 1095.296509 0.001048 8 1176.540405 0.009139 26 1209.610962 0.004589 7 1307.784546 0.009205 37 1372.832886 0.002414 30 1435.751465 0.001729 39 1471.562012 0.002941 6 1560.433105 0.003374 5 1642.828369 0.004238 4 1754.389526 0.008159 3 1834.183105 0.005449 2 1972.882080 0.007243 38 2104.930908 0.002147 1 2169.763184 0.001510 31 2375.549561 0.002325 0 2643.724609 0.001257
0.390000 34 20 108.520416 0.026127 19 195.474792 0.223124 34 217.539078 0.115734 24 261.092163 0.066160 18 326.150970 0.124884 40 356.500397 0.016588 17 390.160431 0.298220 16 437.437378 0.162201 23 488.588348 0.012630 15 519.323914 0.056657 22 547.611023 0.011499 21 614.482361 0.004249 14 654.216553 0.300048 27 691.021912 0.006861 13 777.770569 0.114626 12 874.260803 0.088615 11 982.217773 0.022629 10 1042.639282 0.023955 9 1095.584229 0.001043 8 1176.282104 0.008416 26 1209.882202 0.004270 7 1305.930420 0.008980 37 1372.968750 0.002322 30 1435.644531 0.001602 39 1471.334839 0.003210 6 1558.622559 0.002994 5 1643.159058 0.004311 4 1755.196899 0.008753 3 1834.088501 0.005129 2 1972.405640 0.007861 38 2105.059326 0.002067 1 2171.083984 0.001482 31 2375.550781 0.002273 0 2645.854492 0.001358
0.400000 34 20 108.836349 0.026173 19 194.492020 0.221572 34 218.323364 0.112882 24 260.512848 0.074774 18 326.097748 0.132410 40 358.986328 0.015336 17 390.118164 0.295214 16 437.639954 0.159883 23 489.613342 0.013721 15 519.328186 0.055980 22 547.598572 0.010300 21 617.197815 0.003937 14 654.193726 0.296457 27 691.088623 0.006140 13 776.111267 0.102323 12 874.296936 0.088021 11 982.704407 0.020351 10 1042.765137 0.023488 9 1096.779663 0.001006 8 1175.327271 0.008266 26 1210.176880 0.003880 7 1304.544189 0.009593 37 1373.228027 0.002239 30 1434.446411 0.001661 39 1471.282349 0.003464 6 1556.910889 0.002489 5 1642.605347 0.004265 4 1756.124878 0.009032 3 1834.004028 0.004799 2 1969.832397 0.008215 38 2105.408936 0.001924 1 2171.383545 0.001468 31 2375.766113 0.002192 0 2648.786621 0.001544
0.410000 34 20 109.148705 0.026341 19 194.308563 0.224036 34 218.917999 0.115959 24 259.665680 0.080815 18 326.511627 0.142254 40 361.472260 0.014085 17 390.088226 0.291788 16 437.642792 0.159026 23 489.499695 0.014788 15 519.193909 0.055414 22 547.586121 0.009101 21 617.078430 0.003282 14 654.186646 0.292903 27 692.227112 0.004952 13 770.550415 0.072957 12 874.411133 0.085328 11 983.685730 0.016411 10 1042.835083 0.023212 9 1098.306274 0.001014 8 1174.286255 0.008276 26 1209.924561 0.003500 7 1304.931030 0.011897 37 1372.836792 0.002097 30 1432.795166 0.001726 39 1471.477539 0.003660 6 1556.654785 0.002116 5 1642.445068 0.004267 4 1757.109009 0.008922 3 1833.851074 0.004501 2 1966.587158 0.008388 38 2105.517334 0.001734 1 2169.756348 0.001497 31 2376.226562 0.002091 0 2650.155029 0.001624
0.420000 36 20 109.287239 0.026145 19 195.219116 0.229097 34 218.820801 0.119481 24 259.094177 0.084833 18 326.630432 0.151123 40 359.360138 0.015634 17 389.944305 0.286734 16 437.583801 0.158782 23 489.749054 0.015924 15 518.797119 0.054893 22 547.573730 0.007902 42 585.060730 0.004735 21 617.063171 0.002597 14 654.184631 0.289395 27 691.801636 0.003795 13 765.765259 0.054758 41 783.964600 0.051708 12 874.497314 0.081439 11 986.655701 0.012340 10 1042.767578 0.023261 9 1098.544678 0.000995 8 1173.886353 0.007962 26 1209.906616 0.003217 7 1306.203003 0.015513 37 1372.120361 0.001905 30 1432.443237 0.001626 39 1471.541382 0.003843 6 1557.731689 0.002015 5 1643.122314 0.004418 4 1758.079712 0.008535 3 1833.639648 0.004246 2 1964.856567 0.008144 38 2105.016357 0.001527 1 2169.209717 0.001563 31 2376.242188 0.002014 0 2650.993164 0.001593
0.430000 37 20 109.223587 0.025532 19 195.626068 0.226925 34 218.515427 0.123137 24 258.807129 0.086824 18 326.482239 0.157827 40 355.864532 0.018026 17 389.817688 0.279000 16 437.541290 0.159337 23 489.681915 0.017243 15 518.415710 0.054718 22 547.875000 0.006813 42 584.579163 0.005476 21 617.721619 0.001949 14 654.175415 0.285877 27 693.175110 0.002662 13 763.667908 0.044976 41 786.252136 0.041564 12 874.514526 0.076526 11 989.506897 0.009589 10 1042.604370 0.023650 9 1097.960449 0.000929 8 1174.183594 0.007324 26 1210.060303 0.003025 7 1307.527588 0.019804 37 1371.596313 0.001721 30 1433.187866 0.001410 39 1471.509155 0.004014 6 1559.288208 0.002226 5 1644.068970 0.004626 4 1759.148438 0.007973 3 1833.446289 0.004032 2 1964.442139 0.007601 38 2104.109863 0.001320 1 2169.662109 0.001606 43 2200.188232 0.001954 31 2375.956299 0.001940 0 2651.431152 0.001500
0.440000 37 20 108.961205 0.024626 19 194.979950 0.215397 34 218.210052 0.126793 24 258.882233 0.086947 18 326.286041 0.162286 40 353.291595 0.019853 17 389.826080 0.267974 16 437.552185 0.160649 23 489.216797 0.018857 15 518.171082 0.055152 22 548.165039 0.006080 42 584.398743 0.006192 21 619.864868 0.001345 14 654.151306 0.282245 27 696.372009 0.001744 13 764.178040 0.040749 41 785.437866 0.039503 12 874.455872 0.070670 11 990.713867 0.008693 10 1042.406128 0.024342 9 1096.915405 0.000832 8 1174.974976 0.006509 26 1210.239258 0.002916 7 1308.500122 0.023952 37 1371.574829 0.001585 30 1434.563721 0.001165 39 1471.448486 0.004150 6 1560.600586 0.002727 5 1644.666870 0.004769 4 1760.233032 0.007335 3 1833.319214 0.003853 2 1965.181030 0.006923 38 2103.052979 0.001123 1 2170.436035 0.001600 43 2199.962402 0.002213 31 2375.846191 0.001834 0 2651.491211 0.001382
0.450000 37 20 108.538200 0.023707 19 193.609787 0.198875 34 217.900925 0.130403 24 259.429962 0.085510 18 326.414520 0.165341 40 353.267365 0.020071 17 390.072662 0.253485 16 437.619873 0.162452 23 488.754486 0.020865 15 518.064636 0.056417 22 547.630676 0.006042 42 584.474731 0.006916 21 624.094360 0.000753 14 654.109131 0.278357 27 698.932190 0.001382 13 765.504883 0.038898 41 783.186401 0.042330 12 874.344177 0.063904 11 989.220154 0.009462 10 1042.250122 0.025252 9 1095.740479 0.000746 8 1175.820068 0.005799 26 1210.228027 0.002872 7 1309.053223 0.026945 37 1372.185791 0.001528 30 1435.854980 0.001013 39 1471.458740 0.004214 6 1561.053589 0.003448 5 1644.272217 0.004705 4 1761.076172 0.006714 3 1833.283203 0.003705 2 1966.889404 0.006318 38 2102.140381 0.000945 1 2170.392334 0.001543 43 2200.029297 0.002318 31 2376.650635 0.001652 0 2651.116211 0.001269
0.460000 37 20 108.193779 0.023359 19 194.123276 0.194437 34 217.412003 0.131859 24 259.845947 0.081380 18 326.927856 0.167912 40 355.744690 0.016344 17 390.423248 0.236680 16 437.687500 0.163318 23 488.928040 0.023154 15 518.164429 0.058373 22 546.710266 0.006377 42 584.948364 0.007608 21 612.865295 0.000653 14 654.068237 0.273869 27 706.992737 0.001576 13 762.484497 0.037698 41 784.872742 0.045481 12 874.256348 0.056087 11 985.433167 0.012448 10 1042.138550 0.026298 9 1095.892700 0.000703 8 1175.706665 0.005698 26 1209.957886 0.002726 7 1309.520874 0.026883 37 1372.820435 0.001521 30 1435.936279 0.000974 39 1471.748901 0.004136 6 1561.382690 0.004327 5 1643.620728 0.004532 4 1760.555176 0.006203 3 1833.267822 0.003588 2 1968.763306 0.005919 38 2100.980225 0.000792 1 2170.372070 0.001551 43 2199.905518 0.002204 31 2378.312500 0.001442 0 2650.122070 0.001172
0.470000 38 20 108.136208 0.023386 19 195.624451 0.198246 34 217.358215 0.131923 24 259.931244 0.076511 18 327.112061 0.169324 40 358.221985 0.012617 17 390.738190 0.220843 16 437.624451 0.163503 23 488.981171 0.025351 15 518.387756 0.060574 22 547.161804 0.006317 42 585.383240 0.008267 21 615.371216 0.001165 14 654.037720 0.268843 27 713.374695 0.001360 13 762.731934 0.042946 41 784.634949 0.053756 12 874.232117 0.047623 11 983.746460 0.015370 10 1042.017578 0.027369 9 1096.120728 0.000678 8 1174.770996 0.006276 26 1210.004150 0.002493 7 1310.576660 0.024021 37 1372.931396 0.001481 30 1434.245483 0.000922 39 1472.130859 0.003993 6 1562.064941 0.005194 5 1643.631836 0.004439 4 1759.276367 0.006006 3 1833.272461 0.003500 2 1969.950195 0.005662 38 2099.818604 0.000676 1 2170.361328 0.001595 43 2199.402100 0.001935 31 2379.116211 0.001302 0 2648.701660 0.001084 44 8139.966309 0.000260
0.480000 38 20 108.271507 0.023547 19 195.808823 0.198603 34 217.433685 0.131573 24 259.846771 0.072317 18 326.913513 0.169860 40 360.353790 0.012282 17 391.016510 0.207130 16 437.589325 0.163057 23 488.995789 0.027248 15 518.507324 0.062860 22 548.020935 0.006141 42 585.614075 0.008878 21 613.778015 0.001886 14 654.014465 0.263440 27 716.309570 0.001133 13 769.671326 0.064177 41 784.247681 0.034048 12 874.179260 0.038710 11 983.087097 0.017400 10 1041.909668 0.028365 9 1096.346069 0.000706 8 1173.342773 0.007431 26 1210.821289 0.002165 7 1313.142212 0.019791 37 1372.575928 0.001408 30 1432.374390 0.000830 39 1472.474731 0.003843 6 1562.982056 0.005967 5 1644.189941 0.004390 4 1758.114258 0.006147 3 1833.398438 0.003445 2 1970.518555 0.005613 38 2099.434326 0.000603 1 2169.992188 0.001609 43 2199.107178 0.001040 31 2379.067383 0.001248 0 2647.143311 0.001007 44 8137.028320 0.000273
0.490000 37 20 108.488266 0.023676 19 194.662292 0.193818 34 217.832657 0.129712 24 259.827362 0.070049 18 326.523590 0.170293 40 362.168671 0.015060 17 391.247192 0.196900 16 437.602600 0.162483 23 489.132416 0.028760 15 518.496887 0.064973 22 548.325562 0.006000 42 585.572449 0.009454 21 609.317566 0.002683 14 653.993042 0.257918 27 716.442871 0.001029 13 778.108765 0.097029 12 873.741577 0.029584 11 982.798157 0.018113 10 1041.837646 0.029210 9 1096.514771 0.000796 8 1171.818237 0.009012 26 1211.992188 0.001787 7 1316.333374 0.015980 37 1372.005493 0.001312 30 1431.162109 0.000693 39 1472.711914 0.003719 6 1563.961670 0.006586 5 1644.876343 0.004299 4 1757.538818 0.006534 3 1833.684326 0.003430 2 1970.615234 0.005788 38 2099.934082 0.000580 1 2169.604736 0.001573 45 2196.680420 0.001147 31 2378.413086 0.001280 0 2645.662842 0.000944 44 8134.656250 0.000267
0.500000 37 20 108.653854 0.023654 19 193.951447 0.189902 34 218.992447 0.124107 24 260.162720 0.070756 18 326.332397 0.171788 40 363.934265 0.017898 17 391.406616 0.191619 16 437.580475 0.162628 23 489.583405 0.029897 15 518.485779 0.066567 22 547.192444 0.005948 42 585.274963 0.010028 21 617.034424 0.003604 14 653.965881 0.252628 27 716.184753 0.000990 13 776.574280 0.125991 12 872.322205 0.020598 11 982.509094 0.017402 10 1041.823120 0.029845 9 1096.596924 0.000930 8 1170.659302 0.010807 26 1212.440552 0.001447 7 1317.844360 0.014684 37 1371.641479 0.001215 30 1430.886841 0.000524 39 1472.823364 0.003635 6 1564.778809 0.007016 5 1645.023560 0.004039 4 1757.694214 0.006979 3 1834.113892 0.003454 2 1970.470093 0.006148 38 2100.877686 0.000609 1 2170.063721 0.001503 45 2193.470947 0.000812 31 2377.600830 0.001377 0 2644.422363 0.000898 44 8134.469238 0.000235
0.510000 37 20 108.611465 0.023426 19 195.153503 0.192239 34 215.645416 0.131177 24 260.726654 0.072467 18 326.628448 0.174538 40 363.577087 0.023342 17 391.234100 0.192304 16 437.508209 0.162956 23 489.225220 0.030498 15 518.576721 0.066950 22 548.022400 0.005545 42 584.988159 0.010711 21 615.059326 0.004121 14 653.922241 0.248144 27 710.211609 0.001095 13 777.643799 0.135462 12 867.911682 0.014812 11 982.200806 0.014976 10 1041.849487 0.030297 9 1096.841064 0.001005 8 1170.083618 0.012585 26 1212.547607 0.001173 7 1316.019775 0.016822 37 1372.110107 0.001147 30 1431.693237 0.000393 39 1472.857056 0.003591 6 1565.149048 0.007180 5 1644.166016 0.003527 4 1757.864014 0.007145 3 1834.488281 0.003516 2 1970.455688 0.006274 38 2101.286133 0.000665 1 2170.912109 0.001486 45 2194.218262 0.000834 31 2376.595459 0.001493 0 2643.330811 0.000884 44 8140.262695 0.000178
0.520000 37 20 108.495293 0.023070 19 195.927505 0.189416 34 215.680603 0.130614 24 261.292603 0.071476 18 326.955231 0.176932 40 362.574707 0.022069 17 390.888092 0.194316 16 437.500580 0.162598 23 489.254211 0.031194 15 518.547791 0.066251 22 548.852356 0.005142 42 584.804688 0.011382 21 616.898926 0.005107 14 653.874084 0.244367 27 704.930725 0.001195 13 779.387939 0.134741 12 866.295349 0.013090 11 981.464661 0.011488 10 1041.842773 0.030711 9 1096.971924 0.001051 8 1169.846313 0.014251 26 1211.841309 0.001004 7 1312.761475 0.021757 37 1372.984985 0.001121 30 1432.070068 0.000320 39 1472.856567 0.003555 6 1565.274414 0.007090 5 1643.660034 0.003001 4 1757.822876 0.006872 3 1834.795288 0.003589 2 1970.984131 0.005754 38 2101.650879 0.000697 1 2170.312256 0.001498 45 2194.965332 0.000857 31 2375.507568 0.001585 0 2642.907471 0.000912 44 8146.209473 0.000157
0.530000 37 20 108.436714 0.022673 19 195.198608 0.179388 34 216.707672 0.127811 24 261.788605 0.066729 18 327.134674 0.178873 40 361.383087 0.018826 17 390.604706 0.195639 16 437.495392 0.161540 23 489.583252 0.032199 15 518.499512 0.064563 22 548.945007 0.004891 42 584.778931 0.011954 21 617.971802 0.005604 14 653.829651 0.241110 27 700.354919 0.001435 13 780.778564 0.133015 12 867.565857 0.014914 11 977.672058 0.008194 10 1041.800903 0.031091 9 1096.842651 0.001093 8 1169.812012 0.015754 26 1211.825195 0.000949 7 1310.482300 0.027076 37 1373.794067 0.001107 30 1432.029907 0.000291 39 1472.865479 0.003521 6 1565.408813 0.006697 5 1644.019287 0.002501 4 1758.018921 0.006133 3 1835.109375 0.003656 2 1973.922119 0.004675 38 2102.291016 0.000705 1 2169.517578 0.001518 45 2196.988281 0.001008 31 2374.769531 0.001626 0 2643.484619 0.000982 44 8148.916016 0.000142
0.540000 38 20 108.513176 0.022319 19 193.773544 0.167274 34 217.501633 0.125349 24 262.136353 0.058354 18 327.111877 0.180866 40 360.615417 0.015414 17 390.435028 0.195197 16 437.487549 0.159535 23 489.804626 0.033420 15 518.468811 0.062075 22 548.391907 0.004823 42 584.900940 0.012373 21 617.686462 0.005681 14 653.795410 0.238165 27 695.708191 0.001925 13 781.200867 0.135872 12 870.586731 0.020061 11 972.862366 0.006136 10 1041.744019 0.031425 9 1096.429565 0.001137 8 1169.872437 0.017021 26 1212.387085 0.000999 7 1309.702515 0.031026 37 1374.214111 0.001083 30 1431.647461 0.000290 39 1472.924927 0.003493 6 1565.893555 0.005979 5 1646.113892 0.002042 4 1759.347046 0.005012 3 1835.449341 0.003711 2 1978.701294 0.003455 38 2103.113281 0.000694 1 2169.373291 0.001523 45 2199.392578 0.001249 31 2374.576660 0.001599 0 2644.969971 0.001098 44 8147.089844 0.000120 46 8216.558594 0.000215
0.550000 38 20 108.758774 0.022097 19 193.870148 0.163653 34 217.647812 0.123770 24 262.239899 0.047554 18 326.929626 0.183878 40 360.868652 0.011588 17 390.292603 0.192659 16 437.511078 0.156224 23 489.304260 0.034537 15 518.444702 0.059089 22 547.903564 0.004876 42 585.105652 0.012617 21 618.286377 0.006118 14 653.776917 0.235294 27 689.846375 0.002727 13 780.365356 0.146239 12 873.216187 0.028343 11 972.564697 0.006193 10 1041.709839 0.031692 9 1095.822754 0.001174 8 1169.932617 0.017961 26 1212.268677 0.001126 7 1309.531860 0.032312 37 1374.049683 0.001031 30 1431.116211 0.000301 39 1473.068237 0.003477 6 1567.147827 0.004957 5 1650.948364 0.001623 4 1762.925537 0.003709 3 1835.789551 0.003751 2 1982.841064 0.002765 38 2103.705078 0.000676 1 2170.375732 0.001487 45 2199.739502 0.001415 31 2374.929932 0.001501 0 2646.904785 0.001263 44 8141.217285 0.000099 46 8214.924805 0.000241
0.560000 38 20 109.101257 0.022099 19 195.967606 0.172634 34 216.568146 0.121591 24 261.499603 0.038359 18 326.722626 0.188480 40 357.204498 0.009108 17 390.131470 0.189362 16 437.482544 0.152939 23 489.250488 0.035754 15 518.344360 0.056091 22 547.415222 0.004928 42 585.234375 0.012658 21 616.705688 0.005374 14 653.792236 0.232226 27 691.005249 0.003219 13 778.661621 0.163014 12 873.911621 0.036891 11 978.321472 0.008739 10 1041.734619 0.031828 9 1095.620117 0.001239 8 1169.973999 0.018343 26 1213.102051 0.001268 7 1309.703979 0.030043 37 1373.886963 0.001010 30 1432.788940 0.000314 39 1473.089722 0.003496 6 1569.871216 0.003985 5 1655.094116 0.001443 4 1765.558594 0.003075 3 1836.010742 0.003781 2 1983.152100 0.002782 38 2103.512939 0.000648 1 2170.602539 0.001415 45 2200.162842 0.001423 31 2375.438477 0.001370 0 2648.182129 0.001417 44 8137.022461 0.000096 46 8213.071289 0.000220
0.570000 38 20 109.277618 0.022119 19 195.948715 0.175146 34 215.488464 0.119413 24 260.440491 0.033285 18 326.583710 0.192248 40 356.539001 0.009663 17 390.069366 0.184736 16 437.531982 0.150128 23 489.337494 0.037069 15 518.371094 0.052982 22 547.241455 0.005167 42 585.389221 0.012612 21 616.086914 0.004787 14 653.826782 0.228973 27 691.303162 0.003555 13 777.774048 0.171170 12 874.392517 0.044675 11 980.807312 0.012692 10 1041.772339 0.031815 9 1096.390747 0.001312 8 1170.058838 0.018213 26 1213.284912 0.001340 7 1310.358887 0.025738 37 1373.940918 0.001058 30 1433.770142 0.000363 39 1472.885864 0.003560 6 1571.656738 0.003487 5 1655.406006 0.001320 4 1764.358521 0.002843 3 1836.141968 0.003812 2 1981.140991 0.003272 38 2102.619873 0.000598 1 2170.208008 0.001383 45 2200.978027 0.001313 31 2375.850830 0.001258 0 2648.921875 0.001477 44 8135.636230 0.000108 46 8206.833984 0.000187
0.580000 38 20 109.201904 0.021976 19 194.973892 0.173194 34 216.599716 0.111873 24 259.662659 0.033015 18 326.522736 0.194322 40 356.741516 0.011096 17 390.126617 0.178481 16 437.627167 0.147748 23 489.247925 0.038216 15 518.344910 0.049659 22 547.158691 0.005460 42 585.482239 0.012497 21 614.596619 0.004263 14 653.866943 0.225524 27 691.778748 0.003756 13 778.015198 0.166024 12 874.699829 0.051558 11 981.544189 0.016459 10 1041.801025 0.031637 9 1097.382446 0.001340 8 1170.198730 0.017532 26 1212.921143 0.001388 7 1311.826782 0.020691 37 1373.858032 0.001139 30 1433.610962 0.000458 39 1472.562866 0.003674 6 1571.925537 0.003468 5 1651.577026 0.001369 4 1760.243408 0.003350 3 1836.190430 0.003843 2 1978.565430 0.004076 38 2101.623047 0.000533 1 2169.875244 0.001402 45 2202.518066 0.001127 31 2376.209229 0.001176 0 2649.463867 0.001421 44 8135.004883 0.000135 46 8200.456055 0.000158
0.590000 38 20 108.918381 0.021593 19 194.220184 0.170582 34 218.369415 0.103703 24 259.306305 0.037097 18 326.519806 0.194973 40 356.944031 0.012529 17 390.261139 0.170508 16 437.714233 0.145447 23 489.119049 0.039084 15 518.164429 0.046116 22 547.075928 0.005753 42 585.492615 0.012343 21 613.393677 0.003803 14 653.905334 0.221798 27 692.706970 0.003785 13 779.264282 0.149783 12 874.853943 0.057503 11 981.545898 0.019252 10 1041.814453 0.031283 9 1098.218384 0.001314 8 1170.413208 0.016226 26 1211.900146 0.001447 7 1313.735596 0.016209 37 1373.506348 0.001217 30 1432.515015 0.000600 39 1472.229248 0.003834 6 1570.720215 0.003928 5 1646.106567 0.001673 4 1755.908569 0.004539 3 1836.166748 0.003878 2 1976.260620 0.004971 38 2100.864258 0.000462 1 2169.799805 0.001446 45 2204.581543 0.000917 31 2376.491943 0.001128 0 2649.934814 0.001250 44 8133.683594 0.000173 46 8195.444336 0.000139
0.600000 38 20 108.576317 0.020971 19 194.873291 0.172308 34 216.744339 0.106461 24 259.175751 0.044100 18 326.532074 0.195382 40 357.141052 0.013620 17 390.380829 0.160873 16 437.727997 0.142606 23 489.396210 0.039677 15 517.804321 0.042422 22 546.987976 0.006058 42 585.453247 0.012192 21 615.526306 0.003472 14 653.939331 0.217664 27 693.739624 0.003583 13 781.009094 0.130270 12 874.868652 0.062572 11 981.513428 0.020849 10 1041.818359 0.030747 9 1098.761108 0.001251 8 1170.739258 0.014209 26 1210.040283 0.001549 7 1315.149780 0.013648 37 1372.940674 0.001255 30 1431.235474 0.000775 39 1471.998291 0.004028 6 1568.617432 0.004838 5 1643.562012 0.002285 4 1755.281982 0.006037 3 1836.087280 0.003919 2 1974.432495 0.005671 38 2100.474609 0.000398 1 2169.826416 0.001459 45 2206.517822 0.000744 31 2376.629639 0.001114 0 2650.278809 0.000988 44 8130.645508 0.000209 46 8191.368164 0.000129
0.610000 38 20 108.388306 0.020283 19 196.240601 0.172526 34 216.702026 0.107527 24 259.171753 0.052633 18 326.567444 0.197705 40 357.141052 0.002476 17 390.380890 0.147642 16 437.832428 0.137675 23 489.551025 0.039987 15 517.888428 0.038516 22 546.714355 0.006772 42 585.521484 0.012090 21 613.215942 0.003098 14 653.995239 0.212907 27 692.152222 0.003471 13 781.426086 0.120639 12 874.835754 0.066612 11 981.436096 0.020815 10 1041.825195 0.029964 9 1098.296631 0.001221 8 1171.642212 0.011208 26 1209.402710 0.001738 7 1314.367065 0.014069 37 1373.036743 0.001259 30 1431.771729 0.000905 39 1471.880127 0.004207 6 1567.363892 0.005961 5 1643.800781 0.002928 4 1755.723267 0.007416 3 1836.016113 0.003977 2 1973.400269 0.005684 38 2099.385254 0.000359 1 2169.784668 0.001406 45 2206.434570 0.000678 31 2376.453613 0.001145 0 2649.126953 0.000696 44 8125.924805 0.000232 46 8188.140625 0.000129
0.620000 37 20 108.200783 0.019880 19 195.171021 0.161048 34 216.659714 0.108592 24 259.250671 0.060568 18 326.648926 0.200373 17 390.609619 0.131499 16 437.946869 0.131027 23 489.316467 0.040023 15 517.905884 0.034738 22 546.307678 0.007668 42 585.740173 0.012013 21 614.390930 0.002496 14 654.068726 0.208020 27 693.100098 0.003079 13 780.379761 0.119430 12 874.841003 0.069700 11 981.123352 0.019614 10 1041.824585 0.029004 9 1097.782593 0.001213 8 1175.656372 0.008266 26 1209.342407 0.001986 7 1312.233154 0.016539 37 1373.302979 0.001291 30 1432.934326 0.000964 39 1471.828003 0.004324 6 1566.689575 0.006934 5 1644.486572 0.003579 4 1756.180420 0.008483 3 1835.963989 0.004039 2 1973.218140 0.005074 38 2098.299072 0.000340 1 2170.082764 0.001376 45 2204.792969 0.000686 31 2376.153076 0.001201 0 2646.081299 0.000499 44 8121.729980 0.000242 46 8187.460449 0.000127
0.630000 37 20 108.066765 0.019845 19 194.016006 0.148318 34 217.369705 0.105556 24 259.573059 0.067871 18 326.722748 0.201991 17 391.087524 0.114220 16 438.101318 0.122923 23 489.200287 0.040132 15 517.736023 0.031311 22 546.677307 0.008470 42 585.793091 0.011932 21 614.395752 0.001800 14 654.142273 0.203363 27 692.385803 0.002623 13 778.551636 0.121614 12 874.905029 0.071781 11 980.388062 0.017503 10 1041.814209 0.027923 9 1097.228149 0.001215 8 1178.903931 0.006585 26 1209.489136 0.002251 7 1310.314819 0.019791 37 1373.420410 0.001362 30 1434.487061 0.000984 39 1471.822632 0.004370 6 1566.370239 0.007673 5 1644.990845 0.004161 4 1756.488525 0.009062 3 1835.919189 0.004091 2 1973.598389 0.004162 38 2098.735840 0.000325 1 2170.266602 0.001384 45 2202.593262 0.000737 31 2375.959473 0.001246 0 2644.127197 0.000412 44 8118.923828 0.000225 46 8189.154297 0.000121
0.640000 38 20 108.050949 0.020091 19 193.970657 0.140566 34 217.516983 0.101218 24 259.993286 0.074298 18 326.757477 0.202112 17 391.744446 0.098089 16 438.309692 0.114164 23 489.272156 0.040519 15 517.536865 0.028321 22 547.379150 0.009139 42 585.682739 0.011824 21 615.521362 0.001195 14 654.201538 0.199192 27 691.817139 0.002062 13 776.774170 0.120336 47 824.446716 0.002154 12 875.018555 0.072821 11 979.033447 0.014857 10 1041.803711 0.026769 9 1096.697876 0.001230 8 1179.530151 0.006620 26 1209.729980 0.002476 7 1309.246338 0.022623 37 1373.322632 0.001464 30 1435.805908 0.000998 39 1471.857422 0.004344 6 1566.284180 0.008134 5 1645.053833 0.004613 4 1756.604736 0.009047 3 1835.873657 0.004132 2 1973.949951 0.003254 38 2100.982178 0.000321 1 2170.031738 0.001414 45 2200.558594 0.000791 31 2376.127686 0.001256 0 2644.887207 0.000424 44 8118.071777 0.000179 46 8193.344727 0.000118
0.650000 39 20 108.219688 0.020387 19 195.355515 0.140880 34 214.609848 0.102711 24 260.137665 0.079454 18 326.738281 0.201017 48 356.175812 0.005281 17 392.436096 0.085831 16 438.571777 0.105996 23 489.295837 0.041278 15 517.632629 0.025754 22 547.059204 0.009804 42 585.639832 0.011667 21 624.228088 0.000917 14 654.235046 0.195690 27 697.509338 0.001211 13 776.078186 0.107348 47 821.950745 0.002358 12 875.146667 0.072832 11 976.913086 0.012196 10 1041.810059 0.025594 9 1096.310181 0.001269 8 1177.163696 0.008293 26 1210.112671 0.002601 7 1309.003540 0.023824 37 1373.133179 0.001578 30 1435.995117 0.001042 39 1471.927734 0.004255 6 1566.367798 0.008305 5 1644.691650 0.004889 4 1756.575073 0.008400 3 1835.821289 0.004163 2 1973.440308 0.002666 38 2104.322021 0.000345 1 2169.233398 0.001427 45 2199.220947 0.000802 31 2376.906982 0.001214 0 2648.825195 0.000509 44 8119.516602 0.000115 46 8200.082031 0.000135
0.660000 39 20 108.457977 0.020147 19 195.783157 0.142114 34 216.207062 0.095191 24 259.579987 0.082605 18 326.688965 0.200107 48 355.125916 0.005411 17 393.006317 0.080399 16 438.835541 0.099740 23 489.171814 0.042284 15 517.138184 0.023731 22 546.691223 0.010415 42 585.852417 0.011411 21 622.541748 0.001521 14 654.258728 0.192992 27 715.595093 0.000929 13 779.036194 0.078755 47 824.273621 0.002359 12 875.168213 0.071586 11 975.305664 0.010790 10 1041.831055 0.024496 9 1096.560303 0.001301 8 1173.583252 0.012480 26 1210.349487 0.002636 7 1309.343506 0.022218 37 1373.238159 0.001679 30 1434.928345 0.001191 39 1471.887939 0.004135 6 1566.604858 0.008155 5 1644.401245 0.005009 4 1756.424316 0.007109 3 1835.736206 0.004196 2 1971.332764 0.002705 38 2105.250488 0.000411 1 2169.509766 0.001390 45 2198.226562 0.000747 31 2377.879883 0.001167 0 2650.445801 0.000660 44 8124.312500 0.000073 46 8203.250977 0.000182
0.670000 39 20 108.570824 0.019475 19 194.681305 0.139084 34 217.804260 0.087671 24 258.761871 0.085326 18 326.627258 0.199794 48 355.407684 0.007281 17 393.266846 0.079054 16 438.950287 0.095046 23 489.283264 0.043264 15 516.367676 0.021884 22 546.398743 0.010717 42 586.334167 0.011067 21 620.855469 0.002126 14 654.299072 0.190706 27 719.757446 0.000915 13 782.372925 0.058226 47 826.972595 0.001977 12 875.134705 0.069314 11 975.186707 0.010684 10 1041.825073 0.023486 9 1097.183228 0.001318 8 1172.416138 0.016801 26 1210.491333 0.002650 7 1310.662476 0.018745 37 1373.433472 0.001779 30 1433.442505 0.001379 39 1471.777466 0.004019 6 1566.899536 0.007822 5 1644.397949 0.005073 4 1756.477173 0.005595 3 1835.585938 0.004222 2 1968.557373 0.002941 38 2105.097412 0.000504 1 2170.415527 0.001341 45 2196.065918 0.000690 31 2378.047363 0.001181 0 2650.105713 0.000783 44 8111.054199 0.000059 46 8202.597656 0.000207
0.680000 39 20 108.520882 0.018751 19 194.103333 0.137283 34 218.217392 0.083934 24 258.218048 0.088718 18 326.605621 0.199942 48 356.064972 0.009642 17 393.196136 0.080778 16 438.892670 0.091777 23 489.298340 0.043931 15 516.466370 0.019898 22 545.853210 0.010945 42 586.783997 0.010720 21 621.107117 0.002667 14 654.341614 0.188737 27 711.550659 0.000949 13 783.684631 0.046296 47 828.492188 0.001569 12 875.136780 0.066015 11 976.254028 0.011781 10 1041.801880 0.022509 9 1097.532959 0.001361 8 1172.164673 0.020675 26 1210.239380 0.002724 7 1313.243408 0.014950 37 1373.462524 0.001878 30 1432.618896 0.001530 39 1471.601196 0.003911 6 1567.222778 0.007372 5 1644.547974 0.005083 4 1757.482300 0.004127 3 1835.376221 0.004227 2 1965.105225 0.003007 38 2104.660889 0.000607 1 2170.728027 0.001293 45 2193.576660 0.000632 31 2377.486572 0.001261 0 2649.011475 0.000883 44 8103.713379 0.000064 46 8200.853516 0.000210
0.690000 40 20 108.385231 0.018274 19 194.819000 0.138451 34 217.844574 0.082313 24 258.239136 0.093551 49 286.091248 0.004233 18 326.637360 0.200569 48 356.739685 0.012270 17 392.859497 0.084826 16 438.742371 0.089648 23 489.181335 0.044158 15 516.909058 0.017945 22 545.400269 0.011136 42 586.999878 0.010449 21 621.501953 0.003228 14 654.367249 0.187053 27 698.344299 0.000993 13 780.054016 0.042878 47 829.471802 0.001282 12 875.228333 0.061715 11 977.896545 0.013805 10 1041.778931 0.021505 9 1097.410522 0.001443 8 1172.152100 0.023780 26 1209.742920 0.002851 7 1315.975098 0.012094 37 1373.140869 0.001966 30 1432.787598 0.001594 39 1471.397705 0.003805 6 1567.571655 0.006850 5 1644.735352 0.005020 4 1759.489990 0.002987 3 1835.141602 0.004199 2 1961.709473 0.002828 38 2104.341064 0.000697 1 2170.143066 0.001259 45 2192.477295 0.000577 31 2376.576172 0.001392 0 2647.910400 0.000958 44 8106.132324 0.000083 46 8197.479492 0.000194
0.700000 40 20 108.335960 0.018282 19 196.603500 0.141379 34 218.140259 0.077543 24 258.928192 0.100353 49 297.150879 0.001846 18 326.705109 0.201780 48 357.482666 0.015551 17 392.399811 0.090571 16 438.647766 0.088231 23 489.104004 0.043936 15 516.031616 0.016545 22 545.829712 0.011196 42 586.860168 0.010331 21 617.909607 0.003961 14 654.354858 0.185656 27 691.818115 0.001124 13 768.901367 0.046869 47 831.872864 0.001125 12 875.436584 0.056502 11 979.249695 0.016284 10 1041.778687 0.020407 9 1096.950317 0.001554 8 1172.223877 0.025971 26 1209.463257 0.002971 7 1316.755371 0.011247 37 1372.355713 0.002021 30 1433.739990 0.001543 39 1471.232178 0.003694 6 1567.958862 0.006298 5 1644.855591 0.004853 4 1761.982544 0.002466 3 1834.940552 0.004136 2 1959.697388 0.002530 38 2104.278076 0.000748 1 2169.042725 0.001254 45 2194.852295 0.000535 31 2375.918213 0.001544 0 2647.270020 0.001003 44 8108.642578 0.000109 46 8190.103027 0.000161
0.710000 40 20 108.815102 0.018742 19 195.999741 0.134268 34 218.435944 0.072773 24 259.923981 0.109663 49 297.134155 0.002233 18 326.717865 0.203772 48 358.947449 0.018007 17 392.101440 0.099103 16 438.489044 0.087603 23 489.308105 0.043453 15 513.393372 0.016498 22 547.038452 0.011140 42 586.689270 0.010543 21 615.215698 0.003984 14 654.315186 0.184548 27 696.498230 0.001337 13 766.645447 0.049271 47 831.075256 0.001104 12 875.749329 0.050705 11 979.803345 0.018039 10 1041.813721 0.019159 9 1096.899902 0.001653 8 1172.438354 0.026941 26 1209.519043 0.003130 7 1314.278564 0.012758 37 1371.557007 0.002035 30 1435.057007 0.001501 39 1471.178345 0.003594 6 1568.372925 0.005746 5 1644.988770 0.004526 4 1762.825684 0.002717 3 1834.863281 0.004042 2 1961.760376 0.002253 38 2104.372803 0.000733 1 2169.008301 0.001260 45 2194.790527 0.000578 31 2375.651367 0.001669 0 2647.295410 0.000998 44 8112.235352 0.000131 46 8186.900879 0.000145
0.720000 40 20 109.346565 0.019154 19 195.130081 0.125572 34 218.731628 0.068003 24 260.694397 0.119289 49 297.117432 0.002620 18 326.693024 0.206528 48 359.924255 0.017951 17 391.667084 0.110256 16 438.442047 0.087396 23 489.391113 0.042793 15 515.265320 0.016806 22 547.314758 0.011465 42 586.878113 0.011008 21 615.344421 0.004062 14 654.261475 0.183343 27 693.982971 0.001338 13 765.195740 0.050093 47 828.858765 0.001229 12 876.101318 0.045124 11 980.006042 0.018537 10 1041.895264 0.017834 9 1097.278076 0.001757 8 1172.799072 0.026965 26 1209.539795 0.003264 7 1310.933105 0.015838 37 1371.418945 0.002071 30 1435.390503 0.001538 39 1471.229004 0.003497 6 1568.691162 0.005222 5 1645.208252 0.004097 4 1762.062500 0.003203 3 1834.802856 0.003936 2 1971.493286 0.002919 38 2104.575439 0.000686 1 2169.550537 0.001235 45 2196.798096 0.000617 31 2375.216064 0.001755 0 2647.479492 0.000949 44 8122.492676 0.000155 46 8187.650879 0.000131
0.730000 40 20 109.593124 0.019292 19 195.061615 0.121334 34 217.635330 0.066365 24 261.146118 0.127709 49 297.109619 0.001607 18 326.660156 0.209737 48 359.674683 0.015545 17 391.117920 0.124212 16 438.466675 0.087821 23 489.520874 0.042150 15 516.905884 0.018158 22 546.781799 0.012057 42 586.851746 0.011585 21 614.622559 0.003977 14 654.190735 0.181716 27 694.707642 0.001438 13 765.214905 0.052026 47 824.185974 0.001287 12 876.464050 0.040082 11 979.821167 0.017703 10 1042.029785 0.016469 9 1097.705933 0.001854 8 1173.314819 0.026238 26 1209.503296 0.003397 7 1308.522705 0.018716 37 1371.783813 0.002174 30 1434.903076 0.001655 39 1471.262695 0.003383 6 1568.873779 0.004746 5 1645.452148 0.003610 4 1760.917114 0.003673 3 1834.697021 0.003820 2 1976.472778 0.004103 38 2104.894287 0.000615 1 2170.000732 0.001189 45 2198.781982 0.000639 31 2374.868652 0.001782 0 2647.378418 0.000853 44 8130.552734 0.000171 46 8189.162109 0.000125
0.740000 39 20 109.443130 0.019073 19 195.814117 0.122351 34 216.163803 0.066667 24 261.238037 0.134297 18 326.617645 0.212549 48 358.469147 0.011691 17 390.574707 0.140586 16 438.456390 0.089055 23 489.679474 0.041671 15 517.214172 0.020470 22 546.009827 0.012663 42 586.479492 0.012194 21 613.962708 0.003704 14 654.108032 0.179413 27 697.287842 0.001653 13 766.972229 0.055885 47 819.096375 0.001186 12 876.801880 0.035807 11 978.997009 0.015684 10 1042.218262 0.015096 9 1098.072510 0.001916 8 1173.960083 0.024987 26 1209.418091 0.003513 7 1307.258301 0.020446 37 1372.378784 0.002359 30 1433.944458 0.001814 39 1471.234985 0.003231 6 1568.933838 0.004328 5 1645.748535 0.003106 4 1760.093018 0.003923 3 1834.545776 0.003699 2 1975.472168 0.005421 38 2105.471924 0.000518 1 2170.172363 0.001143 45 2199.895996 0.000629 31 2374.875488 0.001743 0 2646.379639 0.000719 44 8135.436035 0.000182 46 8188.181641 0.000126
0.750000 39 20 108.948380 0.018531 19 196.617371 0.125564 34 216.828262 0.064934 24 260.977264 0.139078 18 326.544312 0.213708 48 357.344910 0.007939 17 390.224121 0.158450 16 438.269653 0.091192 23 489.723053 0.041457 15 517.458496 0.023115 22 545.884216 0.012936 42 585.940247 0.012793 21 617.040710 0.003338 14 654.025574 0.176240 27 693.157471 0.001816 13 770.388489 0.060886 47 817.418213 0.000924 12 877.074158 0.032462 11 977.183533 0.012877 10 1042.458374 0.013750 9 1098.433472 0.001906 8 1174.675293 0.023503 26 1209.317871 0.003570 7 1306.283203 0.020655 37 1372.830322 0.002617 30 1433.059204 0.001949 39 1471.161255 0.003014 6 1568.926880 0.003971 5 1646.198120 0.002627 4 1759.967163 0.003788 3 1834.395630 0.003581 2 1974.608521 0.006490 38 2106.135742 0.000388 1 2170.182373 0.001126 45 2200.140869 0.000578 31 2375.473145 0.001642 0 2643.862061 0.000567 44 8141.115234 0.000199 46 8181.804688 0.000132
0.760000 39 20 108.285477 0.017892 19 194.998260 0.122090 34 217.492706 0.063201 24 260.424164 0.142469 18 326.439301 0.211735 48 358.529999 0.007067 17 390.073090 0.175440 16 438.125183 0.093026 23 489.493774 0.041381 15 517.985535 0.025587 22 546.679932 0.012835 42 585.652588 0.013309 21 618.871155 0.002590 14 653.979919 0.171953 27 695.130737 0.002345 13 774.454163 0.057680 47 812.812195 0.000626 12 877.273865 0.030549 11 974.929993 0.011031 10 1042.796509 0.012499 9 1098.644897 0.001828 8 1175.276611 0.022412 26 1209.307007 0.003471 7 1305.282349 0.019723 37 1372.764282 0.002875 30 1433.632935 0.001953 39 1471.284180 0.002739 6 1568.949341 0.003691 5 1647.261963 0.002247 4 1760.679199 0.003202 3 1834.365234 0.003483 2 1973.505005 0.006932 38 2096.078857 0.000255 1 2169.712402 0.001131 45 2200.466064 0.000488 31 2375.899902 0.001552 0 2641.921387 0.000496 44 8142.543457 0.000187 46 8179.858398 0.000157
0.770000 39 20 107.834435 0.017495 19 194.139053 0.120518 34 218.442963 0.059678 24 259.850800 0.146004 18 326.419495 0.209282 48 359.715118 0.006195 17 389.978333 0.190873 16 437.990631 0.094492 23 489.572754 0.041408 15 518.025085 0.027993 22 546.051758 0.012752 42 585.531372 0.013658 21 620.701660 0.001842 14 653.972412 0.166939 27 692.931458 0.002936 13 779.828674 0.051585 47 830.592712 0.000551 12 877.339111 0.029879 11 974.443359 0.010994 10 1043.209839 0.011385 9 1098.494019 0.001751 8 1175.600342 0.022086 26 1209.477905 0.003392 7 1304.485352 0.018828 37 1372.366455 0.003083 30 1434.992065 0.001900 39 1471.570312 0.002472 6 1568.901733 0.003504 5 1648.538452 0.001968 4 1761.943481 0.002552 3 1834.348389 0.003392 2 1972.633789 0.006526 38 2106.426270 0.000186 1 2169.339355 0.001118 45 2201.578369 0.000385 31 2375.764404 0.001506 0 2642.634521 0.000491 44 8142.326660 0.000148 46 8182.457031 0.000161
0.780000 39 20 107.711617 0.017346 19 194.294327 0.121682 34 218.977829 0.056658 24 259.323273 0.149652 18 326.495728 0.207658 48 359.821625 0.006576 17 389.936401 0.205021 16 437.955322 0.095155 23 489.625427 0.041329 15 517.961914 0.030172 22 544.606079 0.012659 42 585.444153 0.013826 21 616.871155 0.001183 14 653.996338 0.161385 27 693.105652 0.003317 13 782.932129 0.049020 47 845.818970 0.000683 12 877.187073 0.030351 11 975.705200 0.012908 10 1043.635864 0.010442 9 1097.955811 0.001681 8 1175.586304 0.022552 26 1209.690674 0.003303 7 1304.137695 0.018367 37 1371.943970 0.003254 30 1436.101562 0.001866 39 1471.786011 0.002241 6 1568.637329 0.003437 5 1649.430542 0.001753 4 1762.493164 0.002052 3 1834.251831 0.003294 2 1971.108276 0.005363 38 2110.864746 0.000187 1 2169.548096 0.001088 45 2203.487305 0.000289 31 2375.469238 0.001482 0 2645.865967 0.000559 44 8152.880859 0.000117 46 8188.430664 0.000179
0.790000 40 20 107.923660 0.017330 19 194.973419 0.124448 34 219.083710 0.054500 24 258.928619 0.153587 50 294.373383 0.004366 18 326.630463 0.207092 48 358.991150 0.008046 17 389.950562 0.218323 16 438.019653 0.094719 23 489.550873 0.041043 15 517.944580 0.032012 22 543.824280 0.012413 42 585.470581 0.013807 21 611.517761 0.000894 14 654.057800 0.155441 27 694.718567 0.003492 13 782.730408 0.052621 47 844.496521 0.000863 12 876.826233 0.031901 11 977.954163 0.016724 10 1043.989258 0.009701 9 1097.224243 0.001630 8 1175.257446 0.023770 26 1209.875244 0.003265 7 1304.360840 0.018494 37 1371.675903 0.003403 30 1436.273926 0.001888 39 1471.743164 0.002051 6 1568.104736 0.003511 5 1649.534668 0.001577 4 1761.704956 0.001873 3 1834.077881 0.003188 2 1972.817627 0.003735 38 2106.667725 0.000258 1 2170.255615 0.001050 45 2205.392578 0.000215 31 2375.342773 0.001457 0 2649.914307 0.000680 44 8167.234375 0.000101 46 8194.132812 0.000207
0.800000 40 20 108.378342 0.017242 19 195.181793 0.126367 34 219.189590 0.052341 24 258.765808 0.158127 50 289.477783 0.004072 18 326.750427 0.207057 48 358.160706 0.009517 17 390.020233 0.231364 16 438.122559 0.093049 23 489.416962 0.040528 15 517.960388 0.033463 22 545.550537 0.011828 42 585.810486 0.013603 21 614.582764 0.001346 14 654.169983 0.149276 27 692.426941 0.003630 13 779.965454 0.062421 47 821.500122 0.000854 12 876.338196 0.034433 11 979.877991 0.022145 10 1044.168457 0.009191 9 1096.659912 0.001611 8 1174.712158 0.025617 26 1209.990723 0.003388 7 1305.168335 0.019172 37 1371.658325 0.003552 30 1435.103271 0.001983 39 1471.297729 0.001890 6 1567.330566 0.003731 5 1648.604858 0.001424 4 1759.455322 0.002153 3 1833.903198 0.003077 2 1983.782837 0.002133 38 2105.896484 0.000396 1 2170.960693 0.001023 45 2205.976562 0.000173 31 2375.645020 0.001415 0 2652.061279 0.000813 44 8166.446289 0.000091 46 8194.453125 0.000221
0.810000 40 20 108.618263 0.016733 19 194.586197 0.127268 34 219.295471 0.050183 24 258.900940 0.163877 50 296.650574 0.003911 18 326.780670 0.206204 48 357.330261 0.010987 17 389.996399 0.244375 16 438.197388 0.091173 23 489.750580 0.040019 15 517.603394 0.035058 22 545.214966 0.011565 42 586.258667 0.013149 21 615.840637 0.001951 14 654.356079 0.143345 27 693.883667 0.003377 13 776.864624 0.076733 47 819.814392 0.001101 12 875.942322 0.037692 11 980.492065 0.027700 10 1044.097168 0.008970 9 1096.793457 0.001632 8 1174.230957 0.027753 26 1209.661621 0.003464 7 1306.276123 0.019901 37 1371.871216 0.003710 30 1433.665283 0.002147 39 1470.666138 0.001722 6 1566.563232 0.004079 5 1647.012451 0.001359 4 1757.261597 0.003072 3 1834.031372 0.002981 2 1984.363037 0.001799 38 2105.563232 0.000556 1 2170.530029 0.001004 45 2205.191406 0.000167 31 2375.851562 0.001375 0 2652.695801 0.000872 44 8158.553223 0.000106 46 8192.595703 0.000201
0.820000 40 20 108.428711 0.015975 19 194.711472 0.132728 34 217.863190 0.052991 24 259.227112 0.170559 50 298.982758 0.003506 18 326.803894 0.205124 48 357.864502 0.010299 17 389.819092 0.256588 16 438.399658 0.089997 23 489.757416 0.039404 15 517.640808 0.036889 22 545.190796 0.011526 42 586.543579 0.012597 21 617.098511 0.002556 14 654.552856 0.138113 27 691.707397 0.003278 13 776.530029 0.079473 47 818.759155 0.001239 12 875.694031 0.040919 11 980.770203 0.032480 10 1043.994751 0.008940 9 1097.513916 0.001636 8 1173.965820 0.029581 26 1209.448242 0.003578 7 1307.120728 0.019798 37 1372.100952 0.003832 30 1433.222534 0.002238 39 1470.146240 0.001546 6 1565.984741 0.004430 5 1646.139526 0.001406 4 1756.529907 0.004150 3 1834.420166 0.002908 2 1975.677124 0.002140 38 2104.994873 0.000714 1 2169.700928 0.000989 45 2206.303955 0.000160 31 2375.752441 0.001352 0 2652.515137 0.000871 44 8150.659668 0.000120 46 8188.411621 0.000172
0.830000 40 20 107.993973 0.015221 19 195.119049 0.140720 34 217.301865 0.054334 24 259.532990 0.177108 50 299.513519 0.003379 18 326.873016 0.203877 48 358.768402 0.009027 17 389.626221 0.268061 16 438.471863 0.089854 23 489.675446 0.038818 15 517.843384 0.038982 22 545.602539 0.011802 42 586.660583 0.012051 21 618.381226 0.002804 14 654.725037 0.133833 27 689.052185 0.002911 13 778.438904 0.072540 47 818.497131 0.001267 12 875.524475 0.043927 11 980.879395 0.036291 10 1043.881348 0.009078 9 1098.219604 0.001622 8 1173.909668 0.030858 26 1209.276489 0.003632 7 1307.547607 0.018558 37 1372.275391 0.003889 30 1433.645996 0.002216 39 1469.672729 0.001376 6 1565.587280 0.004722 5 1646.090942 0.001537 4 1756.410034 0.005158 3 1834.821411 0.002856 2 1971.644043 0.002673 38 2104.737549 0.000857 1 2169.267822 0.000972 45 2208.344238 0.000154 31 2375.650635 0.001329 0 2651.718262 0.000834 44 8142.766113 0.000134 46 8185.372070 0.000145
0.840000 40 20 107.628960 0.014636 19 195.215836 0.148047 34 217.848877 0.053260 24 259.668030 0.182441 50 299.622467 0.003547 18 326.979126 0.202218 48 359.672302 0.007755 17 389.477356 0.278686 16 438.354156 0.090661 23 489.707916 0.038459 15 518.046204 0.041378 22 545.670227 0.012442 42 586.685730 0.011583 21 618.986206 0.002738 14 654.852356 0.130647 27 687.104553 0.002351 13 781.300476 0.061481 47 819.995850 0.001209 12 875.372498 0.046638 11 980.891724 0.039022 10 1043.724731 0.009380 9 1098.558716 0.001593 8 1174.038574 0.031496 26 1209.217651 0.003612 7 1307.341919 0.016142 37 1372.342529 0.003884 30 1434.593628 0.002108 39 1469.193237 0.001231 6 1565.343018 0.004907 5 1646.575928 0.001706 4 1756.412842 0.005920 3 1835.070312 0.002818 2 1972.957642 0.003154 38 2104.895020 0.000974 1 2169.444336 0.000952 45 2210.084717 0.000160 31 2375.756836 0.001291 0 2650.486084 0.000775 44 8137.775879 0.000155 46 8184.111328 0.000128
0.850000 40 20 107.729179 0.014335 19 194.370972 0.150815 34 218.435547 0.052053 24 259.522186 0.185419 50 299.731415 0.003716 18 327.066254 0.199765 48 360.450684 0.006671 17 389.386078 0.288188 16 438.104675 0.092011 23 489.988190 0.038553 15 518.133728 0.044106 22 544.268494 0.013434 42 586.762085 0.011237 21 617.728210 0.002650 14 654.925476 0.128567 27 685.896790 0.001983 13 783.227966 0.054447 47 824.516418 0.001110 12 875.179382 0.049024 11 980.827515 0.040646 10 1043.463257 0.009846 9 1098.382080 0.001560 8 1174.306152 0.031530 26 1209.408203 0.003559 7 1306.231567 0.012769 37 1372.264160 0.003847 30 1435.532471 0.001991 39 1468.654175 0.001131 6 1565.200317 0.004942 5 1646.988892 0.001848 4 1756.238892 0.006289 3 1835.060669 0.002787 2 1972.208496 0.003494 38 2105.272705 0.001065 1 2170.038086 0.000931 45 2210.089844 0.000187 31 2376.208008 0.001232 0 2649.029297 0.000714 44 8139.914062 0.000193 46 8183.298340 0.000123
0.860000 40 20 108.294075 0.014413 19 193.826019 0.149806 34 220.010681 0.047522 24 259.082550 0.184137 50 299.840332 0.003884 18 326.939240 0.197379 48 358.098846 0.010282 17 389.395569 0.294199 16 437.546295 0.093138 23 489.378540 0.038986 15 518.427368 0.046883 22 546.085449 0.014113 42 587.218689 0.010787 21 613.119263 0.002421 14 654.947937 0.127034 27 686.314148 0.001982 13 782.415649 0.055068 47 828.865234 0.001092 12 874.929993 0.050522 11 980.683472 0.040854 10 1043.112915 0.010473 9 1098.712402 0.001503 8 1174.604614 0.031059 26 1209.378418 0.003597 7 1303.183838 0.009536 37 1371.993774 0.003860 30 1435.607300 0.001977 39 1467.852539 0.001081 6 1565.051025 0.004735 5 1646.119141 0.001828 4 1755.561401 0.006044 3 1834.931763 0.002744 2 1970.517944 0.003934 38 2105.444336 0.001116 1 2170.163574 0.000927 45 2207.268799 0.000259 31 2376.659424 0.001167 0 2647.797852 0.000662 44 8140.808594 0.000225 46 8178.172852 0.000119
0.870000 40 20 108.811333 0.014398 19 194.094223 0.145070 34 220.342850 0.017156 24 258.751465 0.176001 50 292.832184 0.006842 18 326.759521 0.193530 48 355.747009 0.013894 17 389.477509 0.288644 16 436.411102 0.089712 23 489.226990 0.038859 15 518.400146 0.048979 22 547.666077 0.015511 42 590.119019 0.009791 21 612.147339 0.000874 14 654.981506 0.122270 27 685.006409 0.004647 13 779.770813 0.059208 47 830.735046 0.001962 12 874.657898 0.049608 11 980.536194 0.039172 10 1042.541992 0.010876 9 1101.306274 0.001422 8 1174.847168 0.029741 26 1207.642822 0.003912 7 1300.604248 0.007468 37 1371.573120 0.003859 30 1435.302612 0.002008 39 1466.312012 0.001035 6 1564.838623 0.004286 5 1644.713989 0.001686 4 1754.511963 0.005386 3 1834.843994 0.002618 2 1968.838623 0.004300 38 2105.357178 0.001106 1 2170.108643 0.000927 45 2204.792480 0.000356 31 2376.804199 0.001087 0 2646.770508 0.000609 44 8140.412109 0.000242 46 8174.882812 0.000117
0.880000 35 20 109.375130 0.013779 19 194.848892 0.132630 24 258.651703 0.157832 18 326.651825 0.182166 17 389.555359 0.264214 16 433.599274 0.079017 23 491.482666 0.037072 15 517.881592 0.048945 22 547.537537 0.017141 42 598.137756 0.009528 14 655.056152 0.110807 13 777.273376 0.059639 47 830.855957 0.003712 12 874.340027 0.045088 11 980.440369 0.034933 10 1041.579224 0.010650 9 1107.041382 0.001436 8 1175.042480 0.026869 26 1219.421875 0.002710 7 1298.987793 0.006057 51 1324.202271 0.002446 37 1371.021484 0.003694 30 1434.759766 0.001941 6 1564.588013 0.003605 5 1643.369629 0.001452 4 1753.352417 0.004441 3 1834.735596 0.002346 2 1967.639404 0.004269 38 2105.126465 0.001016 1 2170.389648 0.000893 45 2202.495850 0.000440 31 2376.639648 0.000961 0 2645.744629 0.000537 44 8139.387207 0.000237 46 8172.698242 0.000111
0.890000 27 20 110.311211 0.012214 19 195.663025 0.110098 24 258.889618 0.128517 18 326.756775 0.158361 17 389.492554 0.218259 15 516.705078 0.045170 14 655.217651 0.091163 13 775.669189 0.052492 12 873.925354 0.036687 11 980.476440 0.028027 10 1039.926270 0.009538 8 1175.213379 0.022099 26 1236.133057 0.000947 7 1298.577148 0.004883 37 1370.244629 0.003253 30 1433.845581 0.001690 6 1564.333984 0.002737 5 1642.452271 0.001150 4 1752.289062 0.003315 3 1834.518433 0.001907 2 1967.066406 0.003702 38 2104.798096 0.000843 1 2171.410156 0.000797 31 2376.200684 0.000775 0 2644.600342 0.000436 44 8138.338867 0.000206 46 8178.395020 0.000096
